3.802843e+05
3.828061e+05
3.776512e+05
3.728872e+05
3.683620e+05
3.685118e+05
6.018952e+05
5.923442e+05
5.870874e+05
5.821252e+05
5.744761e+05
5.725626e+05
8.680720e+05
8.557986e+05
8.437538e+05
8.253659e+05
8.182567e+05
8.130158e+05
1.176522e+06
1.158114e+06
1.137596e+06
1.115527e+06
1.094564e+06
1.082705e+06
1.531554e+06
1.504980e+06
1.469198e+06
1.440354e+06
1.401800e+06
1.379728e+06
1.928730e+06
1.888352e+06
1.836510e+06
1.785943e+06
1.737543e+06
1.699170e+06
2.373070e+06
2.308710e+06
2.244913e+06
2.172714e+06
2.091038e+06
2.035237e+06
2.849774e+06
2.766664e+06
2.678147e+06
2.577186e+06
2.475190e+06
2.396707e+06
3.362838e+06
3.252651e+06
3.134897e+06
3.002380e+06
2.868317e+06
2.760693e+06
3.923288e+06
3.779277e+06
3.619303e+06
3.449052e+06
3.274274e+06
3.125298e+06
