1.087126e-08
1.083288e-08
1.057185e-08
1.026843e-08
9.856556e-09
9.553026e-09
6.755922e-09
6.615339e-09
6.520940e-09
6.261792e-09
6.054884e-09
5.824844e-09
4.645385e-09
4.579804e-09
4.425030e-09
4.274934e-09
4.103199e-09
3.906735e-09
3.451801e-09
3.357539e-09
3.184954e-09
3.080884e-09
2.968126e-09
2.801006e-09
2.617403e-09
2.550909e-09
2.429176e-09
2.323510e-09
2.223176e-09
2.102391e-09
2.078971e-09
1.990614e-09
1.905117e-09
1.815349e-09
1.725316e-09
1.618984e-09
1.690206e-09
1.609662e-09
1.528139e-09
1.453126e-09
1.374828e-09
1.283448e-09
1.399340e-09
1.317315e-09
1.255656e-09
1.180790e-09
1.117063e-09
1.050751e-09
1.184934e-09
1.111993e-09
1.043944e-09
9.806208e-10
9.250281e-10
8.718790e-10
1.018067e-09
9.517064e-10
8.834158e-10
8.320493e-10
7.795676e-10
7.407536e-10
