4.469884e-06
4.405241e-06
4.265067e-06
4.141395e-06
4.120501e-06
3.759518e-06
3.432867e-06
3.333984e-06
3.331098e-06
3.196229e-06
3.051962e-06
2.923205e-06
2.720368e-06
2.651289e-06
2.569601e-06
2.507957e-06
2.429991e-06
2.344013e-06
2.170074e-06
2.118318e-06
2.059296e-06
2.018075e-06
1.955939e-06
1.848604e-06
1.784103e-06
1.762806e-06
1.713332e-06
1.645915e-06
1.594317e-06
1.532860e-06
1.556766e-06
1.457482e-06
1.433241e-06
1.404864e-06
1.330929e-06
1.301045e-06
1.315386e-06
1.259525e-06
1.215062e-06
1.162431e-06
1.143020e-06
1.094691e-06
1.148354e-06
1.080094e-06
1.043971e-06
1.016271e-06
9.663777e-07
9.306063e-07
1.006048e-06
9.547112e-07
9.039681e-07
8.790332e-07
8.446223e-07
8.092501e-07
9.077259e-07
8.252303e-07
7.976178e-07
7.749592e-07
7.233890e-07
6.989179e-07
7.988421e-07
7.470021e-07
7.111490e-07
6.828944e-07
6.405814e-07
6.165135e-07
7.068417e-07
6.692725e-07
6.375422e-07
5.987263e-07
5.719487e-07
5.550064e-07
6.232569e-07
5.966199e-07
5.723646e-07
5.341873e-07
5.077458e-07
4.882145e-07
5.773411e-07
5.331698e-07
5.140477e-07
4.856727e-07
4.525852e-07
4.362511e-07
5.180815e-07
4.886833e-07
4.718891e-07
4.412909e-07
4.122080e-07
3.890008e-07
4.782982e-07
4.483909e-07
4.240548e-07
3.966188e-07
3.729321e-07
3.498629e-07
4.361390e-07
4.091385e-07
3.888773e-07
3.628268e-07
3.447939e-07
3.192980e-07
4.014961e-07
3.704407e-07
3.545239e-07
3.360903e-07
3.142176e-07
2.934956e-07
3.722802e-07
3.514310e-07
3.225735e-07
3.048993e-07
2.902690e-07
2.672921e-07
3.451401e-07
3.218337e-07
3.010369e-07
2.790908e-07
2.689461e-07
2.487133e-07
