4.361027e-06
4.401766e-06
4.173197e-06
4.100588e-06
4.025957e-06
3.889480e-06
3.382743e-06
3.324445e-06
3.284642e-06
3.169207e-06
3.057198e-06
2.915762e-06
2.727096e-06
2.701536e-06
2.505778e-06
2.490887e-06
2.381317e-06
2.251178e-06
2.237546e-06
2.123075e-06
2.066497e-06
2.004133e-06
1.935250e-06
1.862646e-06
1.834854e-06
1.766712e-06
1.711694e-06
1.644819e-06
1.566324e-06
1.528495e-06
1.552713e-06
1.477964e-06
1.432336e-06
1.385910e-06
1.317839e-06
1.255076e-06
1.319342e-06
1.259862e-06
1.216498e-06
1.197974e-06
1.127624e-06
1.076140e-06
1.158433e-06
1.096797e-06
1.046714e-06
1.017692e-06
9.570262e-07
9.418833e-07
1.000383e-06
9.548703e-07
9.110313e-07
8.674664e-07
8.342964e-07
8.120642e-07
8.838181e-07
8.355842e-07
8.013271e-07
7.699978e-07
7.386446e-07
7.106365e-07
7.826893e-07
7.527374e-07
7.138141e-07
6.780471e-07
6.458747e-07
6.101166e-07
7.094336e-07
6.819881e-07
6.457401e-07
6.091201e-07
5.671997e-07
5.451018e-07
6.255519e-07
5.999176e-07
5.735764e-07
5.457878e-07
5.044817e-07
4.811991e-07
5.613688e-07
5.420618e-07
5.178129e-07
4.822270e-07
4.551255e-07
4.364607e-07
5.150665e-07
4.910544e-07
4.645030e-07
4.438707e-07
4.128329e-07
3.867658e-07
4.611945e-07
4.460936e-07
4.203340e-07
4.035010e-07
3.806619e-07
3.558248e-07
4.317128e-07
4.071117e-07
3.823701e-07
3.653272e-07
3.440999e-07
3.266516e-07
3.952040e-07
3.747743e-07
3.489162e-07
3.322684e-07
3.117848e-07
3.015658e-07
3.667414e-07
3.502617e-07
3.227916e-07
3.090304e-07
2.868069e-07
2.765384e-07
3.352260e-07
3.247691e-07
3.025711e-07
2.834926e-07
2.643361e-07
2.548931e-07
