4.526770e-06
4.309416e-06
4.250056e-06
4.205775e-06
4.032809e-06
3.766563e-06
3.407009e-06
3.301968e-06
3.309734e-06
3.164765e-06
3.123279e-06
2.903386e-06
2.743315e-06
2.642352e-06
2.603000e-06
2.532869e-06
2.434508e-06
2.290342e-06
2.253410e-06
2.145817e-06
2.103947e-06
2.034910e-06
1.969238e-06
1.884279e-06
1.874856e-06
1.799805e-06
1.753433e-06
1.678176e-06
1.594325e-06
1.534439e-06
1.573962e-06
1.502312e-06
1.452421e-06
1.391957e-06
1.354755e-06
1.288532e-06
1.351802e-06
1.297954e-06
1.240038e-06
1.198330e-06
1.138685e-06
1.086031e-06
1.157590e-06
1.105875e-06
1.049915e-06
1.018866e-06
9.776586e-07
9.150399e-07
9.946922e-07
9.296296e-07
9.137741e-07
8.797750e-07
8.457574e-07
8.032911e-07
8.697170e-07
8.318860e-07
8.004000e-07
7.775449e-07
7.349268e-07
6.926223e-07
7.764058e-07
7.406650e-07
7.176967e-07
6.722565e-07
6.472927e-07
6.034245e-07
6.966212e-07
6.707751e-07
6.425547e-07
5.966006e-07
5.787573e-07
5.355799e-07
6.368969e-07
6.045710e-07
5.751593e-07
5.396842e-07
5.163708e-07
4.736563e-07
5.710540e-07
5.387347e-07
5.131893e-07
4.801917e-07
4.541272e-07
4.275388e-07
5.210824e-07
4.931873e-07
4.630736e-07
4.306263e-07
4.166532e-07
3.863277e-07
4.738676e-07
4.427649e-07
4.192704e-07
3.923499e-07
3.736972e-07
3.539499e-07
4.300177e-07
4.066145e-07
3.919275e-07
3.641363e-07
3.458139e-07
3.238380e-07
4.023935e-07
3.864364e-07
3.548045e-07
3.343172e-07
3.124866e-07
2.948469e-07
3.708900e-07
3.528764e-07
3.220486e-07
3.048306e-07
2.899660e-07
2.705680e-07
3.425095e-07
3.214568e-07
2.966045e-07
2.797437e-07
2.649705e-07
2.448003e-07
