1.329591e+03
1.222540e+03
1.088789e+03
1.108908e+03
9.144091e+02
8.053799e+02
2.046732e+03
1.662620e+03
1.880895e+03
1.642296e+03
1.531521e+03
1.455405e+03
2.648083e+03
2.647937e+03
2.463735e+03
2.382340e+03
2.071129e+03
1.805556e+03
3.829994e+03
3.597957e+03
3.379852e+03
3.267113e+03
2.667415e+03
2.193226e+03
5.263487e+03
4.388204e+03
3.962898e+03
3.652942e+03
3.131941e+03
2.834780e+03
6.525072e+03
5.598663e+03
4.865726e+03
3.923127e+03
3.853506e+03
3.164211e+03
8.075373e+03
6.480838e+03
5.664757e+03
4.892524e+03
4.348056e+03
3.606546e+03
9.553373e+03
7.907154e+03
6.829605e+03
5.265299e+03
4.505076e+03
4.107507e+03
1.104453e+04
8.777113e+03
7.452270e+03
6.303157e+03
5.384011e+03
4.647751e+03
1.202581e+04
1.010151e+04
8.900000e+03
6.714721e+03
5.998839e+03
5.150849e+03
