1.510319e-06
1.457587e-06
1.380455e-06
1.280327e-06
1.374690e-06
1.320453e-06
9.540696e-07
9.187522e-07
8.419892e-07
8.483999e-07
7.690560e-07
7.869648e-07
6.093303e-07
5.944680e-07
5.973423e-07
5.611243e-07
5.596608e-07
5.470696e-07
4.672735e-07
4.341996e-07
4.483699e-07
4.144665e-07
3.886565e-07
3.767991e-07
3.634405e-07
3.333299e-07
3.218469e-07
3.087004e-07
2.904354e-07
2.760873e-07
2.754692e-07
2.773991e-07
2.507525e-07
2.375996e-07
2.344225e-07
2.190782e-07
2.272777e-07
2.194715e-07
2.004475e-07
1.994236e-07
1.851736e-07
1.805758e-07
1.806369e-07
1.742670e-07
1.662068e-07
1.598323e-07
1.493665e-07
1.386530e-07
1.532943e-07
1.484059e-07
1.412837e-07
1.349195e-07
1.234569e-07
1.158109e-07
1.358783e-07
1.259563e-07
1.162267e-07
1.124797e-07
1.023655e-07
9.500514e-08
