1.437336e-06
1.435893e-06
1.396990e-06
1.384088e-06
1.346961e-06
1.237527e-06
8.507715e-07
8.625463e-07
8.566264e-07
8.529612e-07
8.084217e-07
7.660258e-07
6.017449e-07
5.998863e-07
5.972975e-07
5.881185e-07
5.606844e-07
4.901131e-07
4.575424e-07
4.245935e-07
4.248341e-07
4.078164e-07
4.029673e-07
3.817162e-07
3.428726e-07
3.349518e-07
3.164696e-07
3.080364e-07
2.912516e-07
2.853459e-07
2.759215e-07
2.556020e-07
2.499051e-07
2.311259e-07
2.310358e-07
2.197901e-07
2.299035e-07
2.170693e-07
1.962473e-07
1.927511e-07
1.887383e-07
1.766114e-07
1.886987e-07
1.736681e-07
1.596147e-07
1.507139e-07
1.451473e-07
1.380425e-07
1.573931e-07
1.520691e-07
1.396556e-07
1.274329e-07
1.183624e-07
1.134583e-07
1.389835e-07
1.273257e-07
1.164065e-07
1.075960e-07
1.017784e-07
1.000663e-07
