1.341487e-06
1.387775e-06
1.497276e-06
1.411597e-06
1.326561e-06
1.186549e-06
8.962914e-07
9.123654e-07
8.639521e-07
8.635696e-07
7.997601e-07
7.599236e-07
6.228669e-07
5.875086e-07
5.841315e-07
5.465128e-07
5.540743e-07
4.986984e-07
4.577448e-07
4.367321e-07
4.094701e-07
4.027194e-07
3.946646e-07
3.846636e-07
3.506763e-07
3.422674e-07
3.311622e-07
3.103808e-07
3.087273e-07
2.842374e-07
2.833921e-07
2.580574e-07
2.492420e-07
2.425255e-07
2.397544e-07
2.286117e-07
2.287896e-07
2.146987e-07
1.994261e-07
1.915007e-07
1.795260e-07
1.777665e-07
1.862153e-07
1.800876e-07
1.649828e-07
1.560866e-07
1.489815e-07
1.417272e-07
1.586465e-07
1.474342e-07
1.398861e-07
1.301075e-07
1.233515e-07
1.224949e-07
1.350208e-07
1.257059e-07
1.196457e-07
1.105940e-07
1.028256e-07
9.980705e-08
