4.458579e-06
4.285636e-06
4.200290e-06
4.173107e-06
3.963144e-06
3.764879e-06
3.391228e-06
3.340630e-06
3.268399e-06
3.203271e-06
3.058949e-06
2.953323e-06
2.659908e-06
2.618225e-06
2.528931e-06
2.486346e-06
2.394858e-06
2.320240e-06
2.190980e-06
2.156030e-06
2.048076e-06
2.027647e-06
1.915549e-06
1.880126e-06
1.829222e-06
1.776371e-06
1.733256e-06
1.692792e-06
1.602686e-06
1.528116e-06
1.548450e-06
1.495640e-06
1.448097e-06
1.413643e-06
1.339335e-06
1.291634e-06
1.320563e-06
1.270402e-06
1.233990e-06
1.201150e-06
1.144926e-06
1.082119e-06
1.150417e-06
1.093523e-06
1.061716e-06
1.033843e-06
9.602023e-07
9.277175e-07
1.008124e-06
9.668901e-07
9.308804e-07
8.829285e-07
8.493415e-07
7.979052e-07
8.762849e-07
8.428621e-07
8.078947e-07
7.574699e-07
7.356230e-07
6.873495e-07
7.902115e-07
7.448397e-07
7.075370e-07
6.670473e-07
6.510104e-07
6.048991e-07
7.044792e-07
6.622290e-07
6.354421e-07
6.048017e-07
5.742041e-07
5.363687e-07
6.414734e-07
5.858762e-07
5.759751e-07
5.395096e-07
5.168057e-07
4.820526e-07
5.767650e-07
5.353084e-07
5.102182e-07
4.950398e-07
4.630348e-07
4.321737e-07
5.144198e-07
4.882792e-07
4.672099e-07
4.453691e-07
4.192016e-07
3.927402e-07
4.723132e-07
4.473333e-07
4.279057e-07
4.046009e-07
3.753756e-07
3.543689e-07
4.257639e-07
4.077658e-07
3.885773e-07
3.687128e-07
3.465283e-07
3.155407e-07
4.025956e-07
3.778084e-07
3.564678e-07
3.391984e-07
3.121391e-07
2.910566e-07
3.706159e-07
3.456882e-07
3.253002e-07
3.076589e-07
2.904641e-07
2.663686e-07
3.454366e-07
3.195329e-07
3.012482e-07
2.844594e-07
2.670902e-07
2.481158e-07
