1.356267e-06
1.457321e-06
1.428896e-06
1.389486e-06
1.328826e-06
1.236957e-06
9.236134e-07
9.009019e-07
8.798134e-07
8.344146e-07
8.011123e-07
7.829082e-07
6.628623e-07
6.022109e-07
5.907643e-07
5.949023e-07
5.699203e-07
5.234748e-07
4.492613e-07
4.626459e-07
4.629901e-07
4.172693e-07
4.032943e-07
3.810774e-07
3.490212e-07
3.523191e-07
3.304698e-07
3.200243e-07
2.996105e-07
2.955122e-07
2.786756e-07
2.658895e-07
2.637767e-07
2.554179e-07
2.411142e-07
2.203009e-07
2.249958e-07
2.186989e-07
2.080779e-07
2.031557e-07
1.804727e-07
1.781229e-07
1.891362e-07
1.739321e-07
1.663906e-07
1.637704e-07
1.483479e-07
1.404873e-07
1.577519e-07
1.495724e-07
1.363830e-07
1.273753e-07
1.269783e-07
1.134030e-07
1.379475e-07
1.280296e-07
1.165852e-07
1.086136e-07
1.052991e-07
9.806521e-08
