1.359466e-06
1.406096e-06
1.457042e-06
1.240521e-06
1.303176e-06
1.244863e-06
9.292753e-07
8.560472e-07
8.627283e-07
8.114603e-07
7.973287e-07
7.624584e-07
6.080877e-07
5.935932e-07
5.997976e-07
5.678029e-07
5.555833e-07
5.088627e-07
4.557321e-07
4.256643e-07
4.191610e-07
4.117528e-07
3.897285e-07
3.497747e-07
3.483426e-07
3.294028e-07
3.257049e-07
3.041817e-07
2.910267e-07
2.714173e-07
2.817992e-07
2.690110e-07
2.442689e-07
2.370699e-07
2.204824e-07
2.148876e-07
2.283360e-07
2.143637e-07
1.902605e-07
1.905592e-07
1.810282e-07
1.799492e-07
1.951073e-07
1.737784e-07
1.649383e-07
1.537610e-07
1.513596e-07
1.458425e-07
1.606035e-07
1.500136e-07
1.373418e-07
1.352127e-07
1.264574e-07
1.200365e-07
1.415335e-07
1.316642e-07
1.246187e-07
1.125378e-07
1.065564e-07
9.823227e-08
