4.573008e-06
4.492206e-06
4.300070e-06
4.199076e-06
4.064256e-06
3.929562e-06
3.440558e-06
3.304065e-06
3.273822e-06
3.205804e-06
3.120893e-06
2.967456e-06
2.773700e-06
2.607751e-06
2.547732e-06
2.496975e-06
2.406504e-06
2.380440e-06
2.268704e-06
2.193919e-06
2.083728e-06
2.038634e-06
1.954561e-06
1.877697e-06
1.837018e-06
1.764655e-06
1.669906e-06
1.626194e-06
1.594999e-06
1.502327e-06
1.501676e-06
1.504704e-06
1.452310e-06
1.390973e-06
1.308635e-06
1.248677e-06
1.281315e-06
1.272359e-06
1.199415e-06
1.177428e-06
1.113987e-06
1.068136e-06
1.109508e-06
1.075171e-06
1.041857e-06
1.006897e-06
9.549091e-07
9.227188e-07
9.777066e-07
9.621254e-07
9.063700e-07
8.905875e-07
8.337735e-07
7.861283e-07
8.709735e-07
8.258761e-07
8.113519e-07
7.717612e-07
7.408086e-07
6.847443e-07
7.752785e-07
7.336657e-07
7.124005e-07
6.762852e-07
6.560575e-07
6.060124e-07
6.872985e-07
6.551945e-07
6.255128e-07
6.048480e-07
5.833126e-07
5.419356e-07
6.282057e-07
5.984985e-07
5.650711e-07
5.473653e-07
5.141493e-07
4.922775e-07
5.659404e-07
5.353321e-07
5.173619e-07
4.862709e-07
4.564796e-07
4.313801e-07
5.233838e-07
4.932878e-07
4.664009e-07
4.436242e-07
4.142717e-07
3.902113e-07
4.706291e-07
4.444488e-07
4.252877e-07
4.017580e-07
3.755367e-07
3.525990e-07
4.412124e-07
4.142319e-07
3.827154e-07
3.650037e-07
3.453822e-07
3.184222e-07
4.024578e-07
3.801838e-07
3.535599e-07
3.327794e-07
3.163292e-07
2.956066e-07
3.788872e-07
3.502053e-07
3.243661e-07
3.112569e-07
2.919715e-07
2.735941e-07
3.481852e-07
3.218382e-07
3.042598e-07
2.832357e-07
2.702066e-07
2.545615e-07
