1.466287e-06
1.495768e-06
1.425358e-06
1.310139e-06
1.333580e-06
1.204742e-06
9.197267e-07
9.739606e-07
8.671786e-07
8.215133e-07
7.819906e-07
7.813181e-07
6.169121e-07
6.108355e-07
5.774561e-07
5.498130e-07
5.669671e-07
5.059775e-07
4.569017e-07
4.496791e-07
4.186598e-07
4.100651e-07
3.921318e-07
3.780367e-07
3.411883e-07
3.406061e-07
3.169043e-07
3.034382e-07
2.959350e-07
2.811108e-07
2.841359e-07
2.632550e-07
2.557048e-07
2.389219e-07
2.257880e-07
2.208828e-07
2.196944e-07
2.097082e-07
2.058845e-07
1.939844e-07
1.840339e-07
1.743347e-07
1.826861e-07
1.795654e-07
1.620845e-07
1.505050e-07
1.471575e-07
1.418902e-07
1.587188e-07
1.461523e-07
1.401931e-07
1.248607e-07
1.220391e-07
1.170874e-07
1.361965e-07
1.286621e-07
1.200510e-07
1.081094e-07
1.016189e-07
9.760608e-08
