4.430195e-06
4.350732e-06
4.238270e-06
4.150171e-06
4.149152e-06
3.826119e-06
3.483774e-06
3.329523e-06
3.197969e-06
3.176623e-06
3.079676e-06
2.897377e-06
2.726574e-06
2.628462e-06
2.511116e-06
2.491275e-06
2.388723e-06
2.275215e-06
2.173517e-06
2.158351e-06
2.085337e-06
1.970794e-06
1.929543e-06
1.871492e-06
1.792649e-06
1.791077e-06
1.745233e-06
1.680911e-06
1.571872e-06
1.518739e-06
1.549242e-06
1.519515e-06
1.469577e-06
1.383210e-06
1.324182e-06
1.286066e-06
1.348058e-06
1.291019e-06
1.241837e-06
1.195358e-06
1.135824e-06
1.070208e-06
1.140332e-06
1.116502e-06
1.054603e-06
1.018717e-06
9.755716e-07
9.200536e-07
9.950632e-07
9.681597e-07
9.263253e-07
8.846090e-07
8.386732e-07
7.957923e-07
8.757135e-07
8.350919e-07
8.159331e-07
7.668921e-07
7.312741e-07
6.869987e-07
7.664356e-07
7.472541e-07
7.245749e-07
6.801869e-07
6.399600e-07
6.126456e-07
6.850803e-07
6.673015e-07
6.477913e-07
5.954245e-07
5.744150e-07
5.423989e-07
6.231981e-07
6.019503e-07
5.619454e-07
5.336217e-07
5.101587e-07
4.835565e-07
5.627547e-07
5.411500e-07
5.116332e-07
4.777079e-07
4.548001e-07
4.282368e-07
5.152485e-07
4.911718e-07
4.658244e-07
4.387723e-07
4.059752e-07
3.882384e-07
4.775630e-07
4.423378e-07
4.270020e-07
3.951159e-07
3.680386e-07
3.540168e-07
4.379640e-07
4.131051e-07
3.873318e-07
3.643529e-07
3.329815e-07
3.249295e-07
3.992997e-07
3.687329e-07
3.549594e-07
3.330090e-07
3.092907e-07
2.973019e-07
3.689688e-07
3.431923e-07
3.272578e-07
3.035381e-07
2.860141e-07
2.715308e-07
3.407949e-07
3.178135e-07
3.029785e-07
2.802785e-07
2.650944e-07
2.500778e-07
