4.449823e-06
4.462622e-06
4.261294e-06
4.221647e-06
4.000713e-06
3.811718e-06
3.358766e-06
3.324156e-06
3.266273e-06
3.123261e-06
3.090396e-06
2.919028e-06
2.633040e-06
2.625374e-06
2.541782e-06
2.486120e-06
2.430848e-06
2.277396e-06
2.144270e-06
2.102592e-06
2.060900e-06
1.990397e-06
1.971376e-06
1.846685e-06
1.800889e-06
1.762736e-06
1.733229e-06
1.669753e-06
1.616826e-06
1.517666e-06
1.504832e-06
1.484435e-06
1.445139e-06
1.397885e-06
1.333583e-06
1.286871e-06
1.284021e-06
1.279574e-06
1.236284e-06
1.165838e-06
1.128788e-06
1.078867e-06
1.127206e-06
1.120555e-06
1.081091e-06
1.004703e-06
9.759345e-07
9.382438e-07
9.885640e-07
9.708343e-07
9.129201e-07
8.674386e-07
8.476591e-07
7.980386e-07
8.887475e-07
8.272723e-07
8.065375e-07
7.638659e-07
7.339061e-07
6.930058e-07
7.757128e-07
7.474947e-07
7.026998e-07
6.850625e-07
6.537398e-07
6.040919e-07
6.945403e-07
6.795414e-07
6.337035e-07
6.057262e-07
5.812267e-07
5.398160e-07
6.278851e-07
5.982475e-07
5.619441e-07
5.417552e-07
5.179072e-07
4.871496e-07
5.844375e-07
5.472728e-07
5.109846e-07
4.897745e-07
4.617040e-07
4.280377e-07
5.200299e-07
4.982018e-07
4.693210e-07
4.439924e-07
4.190197e-07
3.861294e-07
4.773820e-07
4.479895e-07
4.280727e-07
4.011005e-07
3.781371e-07
3.536817e-07
4.360954e-07
4.126380e-07
3.973396e-07
3.668312e-07
3.425474e-07
3.230422e-07
3.963229e-07
3.762778e-07
3.605521e-07
3.329236e-07
3.095890e-07
2.985898e-07
3.681915e-07
3.507073e-07
3.308802e-07
2.998699e-07
2.875633e-07
2.732847e-07
3.408627e-07
3.231530e-07
3.008757e-07
2.745268e-07
2.631806e-07
2.511949e-07
