1.504816e-06
1.440626e-06
1.324762e-06
1.357482e-06
1.265994e-06
1.228501e-06
9.047080e-07
8.958279e-07
8.848438e-07
8.464871e-07
8.015480e-07
7.618786e-07
6.398646e-07
6.175257e-07
5.716763e-07
5.686008e-07
5.368612e-07
5.058154e-07
4.620224e-07
4.604969e-07
4.177094e-07
4.048281e-07
3.830939e-07
3.651854e-07
3.603688e-07
3.443860e-07
3.118134e-07
3.089721e-07
2.940987e-07
2.669777e-07
2.808157e-07
2.624848e-07
2.424868e-07
2.429345e-07
2.272500e-07
2.106620e-07
2.196175e-07
2.126294e-07
2.016046e-07
1.929491e-07
1.843183e-07
1.680001e-07
1.826990e-07
1.803499e-07
1.714273e-07
1.544689e-07
1.476379e-07
1.418966e-07
1.583153e-07
1.534758e-07
1.409193e-07
1.314866e-07
1.202247e-07
1.129961e-07
1.379671e-07
1.305106e-07
1.210387e-07
1.084528e-07
1.046665e-07
9.936038e-08
