1.482634e-06
1.516192e-06
1.428973e-06
1.401101e-06
1.337149e-06
1.316394e-06
9.604292e-07
9.139052e-07
8.946144e-07
8.680401e-07
8.304673e-07
7.646054e-07
6.605001e-07
6.340581e-07
6.258069e-07
5.982477e-07
5.630929e-07
5.149933e-07
5.054674e-07
4.657374e-07
4.334445e-07
4.116795e-07
3.971622e-07
3.596133e-07
3.789537e-07
3.444069e-07
3.243377e-07
3.161073e-07
2.906156e-07
2.869980e-07
2.893515e-07
2.706560e-07
2.522532e-07
2.451127e-07
2.237716e-07
2.131651e-07
2.245871e-07
2.151600e-07
2.031958e-07
1.884885e-07
1.803415e-07
1.657588e-07
1.935989e-07
1.753790e-07
1.643730e-07
1.583937e-07
1.532507e-07
1.386508e-07
1.551536e-07
1.495337e-07
1.445252e-07
1.333259e-07
1.212326e-07
1.139020e-07
1.326621e-07
1.241906e-07
1.232587e-07
1.132623e-07
1.029733e-07
9.454370e-08
