1.478900e-06
1.437838e-06
1.374556e-06
1.274232e-06
1.257031e-06
1.242632e-06
9.462305e-07
8.830065e-07
8.333467e-07
8.546913e-07
8.053585e-07
8.387240e-07
6.279879e-07
5.953133e-07
5.649804e-07
5.611660e-07
5.431289e-07
5.592324e-07
4.422892e-07
4.578691e-07
4.274755e-07
4.158362e-07
4.049543e-07
3.781063e-07
3.421816e-07
3.184600e-07
3.349645e-07
3.185777e-07
3.033950e-07
2.785827e-07
2.710163e-07
2.597996e-07
2.512715e-07
2.491687e-07
2.347888e-07
2.154272e-07
2.207123e-07
2.126180e-07
2.073998e-07
1.917863e-07
1.803998e-07
1.660790e-07
1.861124e-07
1.799106e-07
1.629745e-07
1.554766e-07
1.461467e-07
1.352136e-07
1.588511e-07
1.446051e-07
1.420864e-07
1.253664e-07
1.182886e-07
1.154366e-07
1.303384e-07
1.257686e-07
1.161763e-07
1.122793e-07
9.889177e-08
9.887750e-08
