1.415625e-06
1.415507e-06
1.376671e-06
1.274559e-06
1.294101e-06
1.201911e-06
9.637348e-07
9.185744e-07
8.788003e-07
8.495110e-07
7.862842e-07
6.990360e-07
6.206121e-07
6.391061e-07
5.940068e-07
5.750674e-07
5.415243e-07
4.983487e-07
4.786454e-07
4.670204e-07
4.454011e-07
4.134896e-07
3.843459e-07
3.643522e-07
3.452698e-07
3.402070e-07
3.345038e-07
3.103272e-07
2.909831e-07
2.706916e-07
2.736158e-07
2.706415e-07
2.657714e-07
2.530779e-07
2.280636e-07
2.153903e-07
2.204824e-07
2.272679e-07
2.028280e-07
1.902797e-07
1.792511e-07
1.710929e-07
1.836692e-07
1.769179e-07
1.665792e-07
1.532295e-07
1.485542e-07
1.391656e-07
1.595827e-07
1.507935e-07
1.424567e-07
1.313472e-07
1.232972e-07
1.140561e-07
1.322025e-07
1.228632e-07
1.182112e-07
1.158130e-07
1.030460e-07
9.354915e-08
