1.384348e-06
1.336996e-06
1.388205e-06
1.364528e-06
1.322116e-06
1.244458e-06
8.897916e-07
8.777849e-07
8.414761e-07
8.271705e-07
8.043846e-07
7.944550e-07
6.145101e-07
6.285770e-07
5.878484e-07
5.921741e-07
5.441239e-07
5.276010e-07
4.642563e-07
4.511667e-07
4.366624e-07
4.027036e-07
3.846574e-07
3.791441e-07
3.524537e-07
3.471699e-07
3.152248e-07
2.937779e-07
2.859817e-07
2.913734e-07
2.682370e-07
2.701516e-07
2.485968e-07
2.341657e-07
2.219347e-07
2.172319e-07
2.204177e-07
2.181668e-07
2.023370e-07
1.927198e-07
1.822691e-07
1.731478e-07
1.845878e-07
1.752164e-07
1.651729e-07
1.587522e-07
1.467221e-07
1.389388e-07
1.612894e-07
1.496135e-07
1.385701e-07
1.328111e-07
1.219675e-07
1.212739e-07
1.382426e-07
1.208937e-07
1.165831e-07
1.108598e-07
1.046391e-07
9.957367e-08
