1.479127e-06
1.391988e-06
1.459690e-06
1.377425e-06
1.367573e-06
1.295817e-06
9.344690e-07
8.805728e-07
8.807968e-07
8.634198e-07
8.400109e-07
7.705596e-07
6.299461e-07
5.961153e-07
6.026973e-07
5.660864e-07
5.723569e-07
5.484862e-07
4.738022e-07
4.340188e-07
4.256276e-07
4.098554e-07
3.884721e-07
3.692845e-07
3.483589e-07
3.298216e-07
3.269998e-07
2.991037e-07
2.993665e-07
2.756876e-07
2.775419e-07
2.703544e-07
2.465713e-07
2.253667e-07
2.297922e-07
2.104293e-07
2.228850e-07
2.178828e-07
2.048525e-07
1.919622e-07
1.812159e-07
1.681998e-07
1.852941e-07
1.761300e-07
1.617496e-07
1.528397e-07
1.483958e-07
1.358431e-07
1.550764e-07
1.432623e-07
1.356655e-07
1.304245e-07
1.238208e-07
1.134112e-07
1.351541e-07
1.248618e-07
1.152348e-07
1.078671e-07
1.032813e-07
9.828530e-08
