1.547396e-06
1.392782e-06
1.416485e-06
1.400480e-06
1.354018e-06
1.242433e-06
8.991344e-07
9.159555e-07
8.792307e-07
8.385247e-07
8.237826e-07
7.777303e-07
6.239423e-07
6.057762e-07
5.894601e-07
5.506444e-07
5.150573e-07
5.158273e-07
4.471139e-07
4.396967e-07
4.277688e-07
4.041188e-07
3.728477e-07
3.673322e-07
3.402111e-07
3.348076e-07
3.238495e-07
3.093035e-07
2.920381e-07
2.716470e-07
2.672698e-07
2.650106e-07
2.502722e-07
2.456800e-07
2.229957e-07
2.171461e-07
2.164421e-07
2.098854e-07
1.969440e-07
1.915869e-07
1.774806e-07
1.714922e-07
1.846507e-07
1.700742e-07
1.626963e-07
1.580880e-07
1.507289e-07
1.397477e-07
1.582223e-07
1.439549e-07
1.382837e-07
1.294860e-07
1.227071e-07
1.163418e-07
1.363564e-07
1.262017e-07
1.168982e-07
1.121288e-07
1.071373e-07
1.004229e-07
