1.450116e-06
1.403500e-06
1.390065e-06
1.382498e-06
1.445502e-06
1.303544e-06
8.923635e-07
8.635025e-07
8.853307e-07
8.567541e-07
8.357586e-07
7.637883e-07
6.242217e-07
5.960250e-07
5.809186e-07
5.927041e-07
5.517655e-07
5.051270e-07
4.606983e-07
4.447870e-07
4.237904e-07
3.958973e-07
3.855182e-07
3.559238e-07
3.486751e-07
3.287090e-07
3.240772e-07
2.966539e-07
2.888770e-07
2.742619e-07
2.801083e-07
2.773438e-07
2.497151e-07
2.380836e-07
2.227442e-07
2.179810e-07
2.181305e-07
2.149875e-07
1.996201e-07
1.951414e-07
1.787631e-07
1.691565e-07
1.887494e-07
1.749260e-07
1.630346e-07
1.592203e-07
1.490859e-07
1.372389e-07
1.591525e-07
1.463696e-07
1.370336e-07
1.282514e-07
1.251029e-07
1.124107e-07
1.342657e-07
1.258701e-07
1.179184e-07
1.085496e-07
1.022955e-07
9.731168e-08
