4.492293e-06
4.473337e-06
4.259499e-06
4.160433e-06
4.042925e-06
3.858753e-06
3.346042e-06
3.340392e-06
3.264374e-06
3.183485e-06
3.088000e-06
3.013848e-06
2.687843e-06
2.630554e-06
2.514645e-06
2.488429e-06
2.467190e-06
2.325212e-06
2.165790e-06
2.106710e-06
2.088524e-06
1.998157e-06
1.934903e-06
1.880614e-06
1.820091e-06
1.786796e-06
1.717454e-06
1.655714e-06
1.605964e-06
1.532534e-06
1.539841e-06
1.500998e-06
1.449199e-06
1.412981e-06
1.317895e-06
1.283947e-06
1.337515e-06
1.290012e-06
1.242905e-06
1.182164e-06
1.129707e-06
1.088212e-06
1.152780e-06
1.098168e-06
1.092465e-06
1.030576e-06
9.664437e-07
9.259613e-07
1.001914e-06
9.606651e-07
9.392075e-07
8.782753e-07
8.414603e-07
7.878591e-07
8.771680e-07
8.341211e-07
8.165221e-07
7.721596e-07
7.295890e-07
6.791716e-07
7.711446e-07
7.343370e-07
7.242361e-07
6.804826e-07
6.523253e-07
5.908468e-07
6.895361e-07
6.705923e-07
6.389421e-07
6.071861e-07
5.765007e-07
5.249494e-07
6.192321e-07
5.979014e-07
5.650596e-07
5.408655e-07
5.087660e-07
4.662337e-07
5.658520e-07
5.354529e-07
5.137128e-07
4.832530e-07
4.591481e-07
4.267502e-07
5.257315e-07
4.925334e-07
4.710317e-07
4.488531e-07
4.079813e-07
3.826045e-07
4.752109e-07
4.497652e-07
4.300334e-07
4.080713e-07
3.726931e-07
3.555715e-07
4.378848e-07
4.082910e-07
3.949192e-07
3.654779e-07
3.393004e-07
3.206959e-07
4.005329e-07
3.765406e-07
3.570092e-07
3.337183e-07
3.146986e-07
2.969824e-07
3.707365e-07
3.495459e-07
3.273242e-07
3.030770e-07
2.891586e-07
2.732120e-07
3.465635e-07
3.236416e-07
2.967696e-07
2.827548e-07
2.667087e-07
2.507669e-07
