1.449487e-06
1.427598e-06
1.355808e-06
1.391372e-06
1.430474e-06
1.315371e-06
9.198749e-07
8.774360e-07
8.924995e-07
8.564324e-07
7.914702e-07
8.443536e-07
6.185742e-07
6.025809e-07
5.751920e-07
5.657173e-07
5.639461e-07
5.353404e-07
4.739226e-07
4.556668e-07
4.174251e-07
4.155236e-07
3.897380e-07
3.625536e-07
3.599892e-07
3.325743e-07
3.230085e-07
2.985244e-07
2.877992e-07
2.850669e-07
2.854476e-07
2.669537e-07
2.568666e-07
2.425212e-07
2.269492e-07
2.166657e-07
2.119125e-07
2.138701e-07
2.053330e-07
1.914798e-07
1.827507e-07
1.761315e-07
1.864481e-07
1.690103e-07
1.711738e-07
1.494573e-07
1.509129e-07
1.402638e-07
1.579390e-07
1.449200e-07
1.327812e-07
1.295375e-07
1.194832e-07
1.182974e-07
1.366777e-07
1.195586e-07
1.186959e-07
1.075181e-07
1.026104e-07
9.748906e-08
