4.469197e-06
4.347254e-06
4.155067e-06
4.152564e-06
4.041071e-06
3.920825e-06
3.451418e-06
3.322730e-06
3.157766e-06
3.132544e-06
3.025446e-06
2.983861e-06
2.722119e-06
2.653023e-06
2.573324e-06
2.439224e-06
2.363037e-06
2.282625e-06
2.171271e-06
2.159777e-06
2.074161e-06
1.968200e-06
1.897952e-06
1.859899e-06
1.832131e-06
1.759169e-06
1.723867e-06
1.663007e-06
1.547269e-06
1.527679e-06
1.514037e-06
1.499809e-06
1.424945e-06
1.365211e-06
1.335093e-06
1.261418e-06
1.325778e-06
1.264123e-06
1.243567e-06
1.152180e-06
1.125663e-06
1.083014e-06
1.115956e-06
1.090720e-06
1.041455e-06
9.972500e-07
9.680534e-07
9.297919e-07
9.858532e-07
9.539676e-07
9.081059e-07
8.723653e-07
8.539059e-07
7.944008e-07
8.640738e-07
8.552743e-07
8.030241e-07
7.659460e-07
7.363304e-07
6.940004e-07
7.828740e-07
7.516178e-07
7.109824e-07
6.676186e-07
6.431552e-07
6.082353e-07
7.159008e-07
6.852488e-07
6.333665e-07
5.919782e-07
5.658194e-07
5.346830e-07
6.363385e-07
6.122877e-07
5.689187e-07
5.353078e-07
5.115397e-07
4.756826e-07
5.751428e-07
5.424360e-07
5.169733e-07
4.860666e-07
4.655221e-07
4.313943e-07
5.218524e-07
4.934887e-07
4.696592e-07
4.402608e-07
4.158550e-07
3.904123e-07
4.803245e-07
4.477782e-07
4.226072e-07
3.968669e-07
3.764479e-07
3.532671e-07
4.416381e-07
4.121229e-07
3.858110e-07
3.564108e-07
3.378510e-07
3.261700e-07
4.077223e-07
3.799350e-07
3.511324e-07
3.266873e-07
3.079893e-07
2.983758e-07
3.702100e-07
3.505361e-07
3.233727e-07
3.037704e-07
2.823236e-07
2.709598e-07
3.377410e-07
3.226232e-07
3.046823e-07
2.781234e-07
2.613922e-07
2.529528e-07
