4.314517e-06
4.363931e-06
4.235004e-06
4.247064e-06
4.081753e-06
3.852404e-06
3.389465e-06
3.286126e-06
3.279681e-06
3.163494e-06
3.009198e-06
2.957309e-06
2.643787e-06
2.621685e-06
2.564747e-06
2.445903e-06
2.369555e-06
2.364812e-06
2.153039e-06
2.153427e-06
2.077740e-06
2.043958e-06
1.954880e-06
1.895662e-06
1.826858e-06
1.766782e-06
1.708667e-06
1.659821e-06
1.591963e-06
1.565642e-06
1.546682e-06
1.470370e-06
1.453234e-06
1.374278e-06
1.319822e-06
1.290449e-06
1.291812e-06
1.276728e-06
1.232524e-06
1.181809e-06
1.130234e-06
1.088257e-06
1.142448e-06
1.103988e-06
1.051539e-06
1.018474e-06
9.732903e-07
9.126331e-07
9.936340e-07
9.560153e-07
9.047610e-07
8.874943e-07
8.486878e-07
7.923844e-07
8.853836e-07
8.405709e-07
8.135074e-07
7.565606e-07
7.203802e-07
7.028240e-07
7.901267e-07
7.516149e-07
7.160119e-07
6.784037e-07
6.406560e-07
6.111786e-07
7.020897e-07
6.756037e-07
6.404428e-07
6.080724e-07
5.679808e-07
5.364684e-07
6.317221e-07
6.026976e-07
5.679872e-07
5.402032e-07
5.097351e-07
4.784612e-07
5.727865e-07
5.470307e-07
5.099596e-07
4.822674e-07
4.593727e-07
4.332611e-07
5.236902e-07
4.937705e-07
4.632956e-07
4.426896e-07
4.139735e-07
3.900934e-07
4.694661e-07
4.523496e-07
4.278625e-07
4.010364e-07
3.794557e-07
3.567470e-07
4.374966e-07
4.182649e-07
3.869198e-07
3.655103e-07
3.463408e-07
3.212212e-07
3.976111e-07
3.818093e-07
3.575824e-07
3.357307e-07
3.183886e-07
2.952574e-07
3.673566e-07
3.488957e-07
3.240361e-07
3.089206e-07
2.891252e-07
2.696882e-07
3.428213e-07
3.239191e-07
3.006884e-07
2.823722e-07
2.644365e-07
2.496790e-07
