1.446863e-06
1.404095e-06
1.371342e-06
1.416037e-06
1.234452e-06
1.190830e-06
8.808770e-07
8.520056e-07
9.032736e-07
8.668154e-07
7.596263e-07
7.421456e-07
6.053543e-07
5.869120e-07
5.787558e-07
5.775467e-07
5.262030e-07
4.926066e-07
4.412328e-07
4.447966e-07
4.304181e-07
4.096906e-07
3.829282e-07
3.557927e-07
3.449205e-07
3.432357e-07
3.279735e-07
3.063337e-07
2.932445e-07
2.751676e-07
2.730620e-07
2.624325e-07
2.604089e-07
2.520605e-07
2.214881e-07
2.225753e-07
2.196995e-07
2.226662e-07
2.070649e-07
1.986991e-07
1.841278e-07
1.688748e-07
1.938378e-07
1.774428e-07
1.639467e-07
1.583523e-07
1.509425e-07
1.465390e-07
1.555739e-07
1.490440e-07
1.457795e-07
1.284026e-07
1.254215e-07
1.171659e-07
1.332261e-07
1.292159e-07
1.208054e-07
1.081653e-07
1.048146e-07
1.032136e-07
