4.566352e-06
4.241910e-06
4.258340e-06
4.137836e-06
4.007561e-06
3.905388e-06
3.486745e-06
3.384321e-06
3.268415e-06
3.167014e-06
3.071550e-06
2.937269e-06
2.722803e-06
2.631882e-06
2.587840e-06
2.484080e-06
2.430227e-06
2.317920e-06
2.216586e-06
2.146203e-06
2.072439e-06
2.027763e-06
1.943168e-06
1.875209e-06
1.826147e-06
1.786506e-06
1.729625e-06
1.652288e-06
1.589039e-06
1.523763e-06
1.540155e-06
1.476049e-06
1.427475e-06
1.364745e-06
1.336504e-06
1.255106e-06
1.312127e-06
1.252216e-06
1.219965e-06
1.174138e-06
1.141758e-06
1.095487e-06
1.136629e-06
1.095462e-06
1.039807e-06
1.004803e-06
9.738689e-07
9.196614e-07
9.853730e-07
9.390804e-07
9.017177e-07
8.705500e-07
8.576217e-07
7.970900e-07
8.760749e-07
8.448444e-07
8.166083e-07
7.707474e-07
7.346908e-07
6.951610e-07
7.916630e-07
7.560160e-07
7.047281e-07
6.735457e-07
6.412101e-07
6.069381e-07
7.085103e-07
6.776907e-07
6.406752e-07
6.049673e-07
5.710442e-07
5.361418e-07
6.309823e-07
6.005016e-07
5.664499e-07
5.430964e-07
5.117436e-07
4.855927e-07
5.749328e-07
5.460468e-07
5.187677e-07
4.861107e-07
4.603258e-07
4.353983e-07
5.198730e-07
4.955252e-07
4.737109e-07
4.451189e-07
4.182260e-07
3.873519e-07
4.780062e-07
4.491554e-07
4.331855e-07
4.085650e-07
3.776368e-07
3.518651e-07
4.378537e-07
4.071985e-07
3.900743e-07
3.669178e-07
3.483129e-07
3.195475e-07
3.979037e-07
3.732889e-07
3.551684e-07
3.379191e-07
3.123924e-07
2.946765e-07
3.719150e-07
3.471750e-07
3.187156e-07
3.070825e-07
2.868618e-07
2.674808e-07
3.397306e-07
3.138769e-07
2.959253e-07
2.815018e-07
2.659371e-07
2.496404e-07
