4.486850e-06
4.357500e-06
4.286065e-06
4.087923e-06
4.071555e-06
3.880065e-06
3.365085e-06
3.325194e-06
3.302739e-06
3.114353e-06
2.964942e-06
2.894419e-06
2.658947e-06
2.610585e-06
2.640509e-06
2.430744e-06
2.354637e-06
2.290285e-06
2.183635e-06
2.130827e-06
2.092435e-06
1.957113e-06
1.910186e-06
1.849588e-06
1.807296e-06
1.780615e-06
1.722599e-06
1.616121e-06
1.577352e-06
1.522811e-06
1.542924e-06
1.506229e-06
1.460824e-06
1.382391e-06
1.349785e-06
1.298277e-06
1.356397e-06
1.304502e-06
1.243705e-06
1.182036e-06
1.134078e-06
1.085266e-06
1.146722e-06
1.101126e-06
1.044842e-06
1.005934e-06
9.801836e-07
9.323746e-07
1.033739e-06
9.541716e-07
8.982167e-07
8.780529e-07
8.522803e-07
8.044289e-07
9.063176e-07
8.287046e-07
7.936945e-07
7.697588e-07
7.414311e-07
6.928965e-07
7.991688e-07
7.475154e-07
7.024917e-07
6.725967e-07
6.514911e-07
6.082453e-07
7.138421e-07
6.674093e-07
6.373420e-07
6.012045e-07
5.744966e-07
5.362703e-07
6.322681e-07
5.990381e-07
5.747150e-07
5.367524e-07
5.097279e-07
4.784102e-07
5.646172e-07
5.395923e-07
5.227121e-07
4.767803e-07
4.505687e-07
4.322868e-07
5.139884e-07
4.850622e-07
4.670761e-07
4.412080e-07
4.113613e-07
3.886443e-07
4.659976e-07
4.440552e-07
4.308701e-07
3.968392e-07
3.795431e-07
3.556540e-07
4.294916e-07
4.079818e-07
3.887294e-07
3.654967e-07
3.432341e-07
3.262614e-07
3.949186e-07
3.724197e-07
3.548511e-07
3.355389e-07
3.126003e-07
2.944097e-07
3.666724e-07
3.454366e-07
3.210959e-07
3.072925e-07
2.867692e-07
2.709387e-07
3.428696e-07
3.177518e-07
2.997045e-07
2.802312e-07
2.620155e-07
2.459472e-07
