1.438940e-06
1.504381e-06
1.450488e-06
1.407644e-06
1.360462e-06
1.269437e-06
9.548932e-07
8.901079e-07
8.667224e-07
8.366177e-07
7.981655e-07
7.765699e-07
6.388844e-07
5.858031e-07
5.689222e-07
5.538835e-07
5.659987e-07
5.175251e-07
4.672877e-07
4.557503e-07
4.292562e-07
4.192852e-07
4.063799e-07
3.889506e-07
3.536016e-07
3.396409e-07
3.373659e-07
3.098929e-07
2.917053e-07
2.756410e-07
2.738482e-07
2.703772e-07
2.627269e-07
2.342561e-07
2.207058e-07
2.163787e-07
2.298766e-07
2.169756e-07
2.046344e-07
1.949020e-07
1.831513e-07
1.763043e-07
1.892315e-07
1.731834e-07
1.663359e-07
1.578306e-07
1.499246e-07
1.455761e-07
1.558142e-07
1.469627e-07
1.415171e-07
1.319808e-07
1.259196e-07
1.198604e-07
1.333740e-07
1.231460e-07
1.178299e-07
1.105111e-07
1.034032e-07
1.005339e-07
