1.390392e-06
1.403608e-06
1.386083e-06
1.314394e-06
1.310939e-06
1.355431e-06
9.059961e-07
9.023347e-07
8.697220e-07
8.364634e-07
8.205396e-07
7.812672e-07
6.151589e-07
6.200634e-07
5.975864e-07
5.747398e-07
5.484199e-07
5.267890e-07
4.836574e-07
4.412666e-07
4.205686e-07
4.018979e-07
3.997254e-07
3.798668e-07
3.476043e-07
3.511078e-07
3.305305e-07
3.028193e-07
2.954838e-07
2.826664e-07
2.830988e-07
2.680307e-07
2.594031e-07
2.430568e-07
2.343188e-07
2.172589e-07
2.289830e-07
2.214152e-07
2.035333e-07
1.984946e-07
1.829305e-07
1.713975e-07
1.904805e-07
1.741091e-07
1.685152e-07
1.551638e-07
1.525143e-07
1.366777e-07
1.637180e-07
1.452649e-07
1.383836e-07
1.321829e-07
1.238916e-07
1.145260e-07
1.383650e-07
1.284742e-07
1.133907e-07
1.098872e-07
1.032587e-07
9.835423e-08
