4.424436e-06
4.257663e-06
4.334483e-06
4.218992e-06
4.071411e-06
3.945633e-06
3.375213e-06
3.326948e-06
3.308189e-06
3.154234e-06
3.048516e-06
2.930610e-06
2.638699e-06
2.603869e-06
2.528550e-06
2.520602e-06
2.392049e-06
2.304441e-06
2.135870e-06
2.102743e-06
2.113675e-06
1.993669e-06
1.910724e-06
1.828653e-06
1.812803e-06
1.747750e-06
1.705758e-06
1.663544e-06
1.581125e-06
1.462993e-06
1.528178e-06
1.485261e-06
1.471688e-06
1.381894e-06
1.332153e-06
1.246477e-06
1.295028e-06
1.277078e-06
1.232062e-06
1.179377e-06
1.113569e-06
1.066592e-06
1.141472e-06
1.105297e-06
1.068792e-06
1.028554e-06
9.664920e-07
9.239939e-07
9.945640e-07
9.498970e-07
9.131868e-07
8.829465e-07
8.270968e-07
7.807799e-07
8.939011e-07
8.582580e-07
8.076336e-07
7.605530e-07
7.291793e-07
6.891245e-07
7.809666e-07
7.494148e-07
7.099609e-07
6.810828e-07
6.459993e-07
6.076967e-07
7.042075e-07
6.694822e-07
6.414790e-07
6.118021e-07
5.723405e-07
5.415695e-07
6.342571e-07
5.990892e-07
5.639987e-07
5.365393e-07
5.045355e-07
4.803734e-07
5.772313e-07
5.387649e-07
5.167035e-07
4.871107e-07
4.599747e-07
4.282332e-07
5.176682e-07
4.963272e-07
4.596349e-07
4.334342e-07
4.048737e-07
3.858417e-07
4.784430e-07
4.508810e-07
4.170208e-07
3.927353e-07
3.729566e-07
3.488309e-07
4.395293e-07
4.134921e-07
3.890220e-07
3.580606e-07
3.375679e-07
3.137575e-07
4.002402e-07
3.799830e-07
3.558384e-07
3.274960e-07
3.156991e-07
2.940462e-07
3.665875e-07
3.490277e-07
3.292661e-07
3.039048e-07
2.865839e-07
2.688105e-07
3.429991e-07
3.208180e-07
3.016388e-07
2.834842e-07
2.648172e-07
2.517389e-07
