4.408840e-06
4.340542e-06
4.272414e-06
4.067388e-06
4.058629e-06
3.932215e-06
3.474892e-06
3.328878e-06
3.228270e-06
3.202408e-06
3.100042e-06
2.966260e-06
2.730702e-06
2.620310e-06
2.569764e-06
2.486073e-06
2.382745e-06
2.367647e-06
2.191649e-06
2.160525e-06
2.081172e-06
2.004145e-06
1.926062e-06
1.883120e-06
1.831852e-06
1.787592e-06
1.712646e-06
1.633388e-06
1.561838e-06
1.556663e-06
1.544042e-06
1.490148e-06
1.437777e-06
1.384296e-06
1.325984e-06
1.286334e-06
1.300205e-06
1.265880e-06
1.237611e-06
1.181451e-06
1.121820e-06
1.068975e-06
1.130448e-06
1.089834e-06
1.057136e-06
1.027065e-06
9.697727e-07
9.145109e-07
9.796713e-07
9.599613e-07
9.239783e-07
8.863589e-07
8.473042e-07
7.892494e-07
8.619654e-07
8.424474e-07
8.188439e-07
7.813595e-07
7.297202e-07
7.012677e-07
7.761726e-07
7.524133e-07
7.164311e-07
6.915754e-07
6.481648e-07
6.176120e-07
6.929312e-07
6.649520e-07
6.396361e-07
6.117511e-07
5.736959e-07
5.525649e-07
6.213391e-07
6.058594e-07
5.720198e-07
5.396400e-07
5.109987e-07
4.912008e-07
5.711993e-07
5.406198e-07
5.176435e-07
4.792139e-07
4.597159e-07
4.365310e-07
5.265393e-07
4.965118e-07
4.611186e-07
4.357200e-07
4.172775e-07
3.941626e-07
4.745677e-07
4.529208e-07
4.271608e-07
3.908211e-07
3.759197e-07
3.540967e-07
4.309058e-07
4.129877e-07
3.869117e-07
3.583259e-07
3.379336e-07
3.215359e-07
3.938146e-07
3.822507e-07
3.505148e-07
3.235022e-07
3.140434e-07
2.963516e-07
3.664804e-07
3.483407e-07
3.231650e-07
3.019390e-07
2.898717e-07
2.741448e-07
3.394474e-07
3.195756e-07
3.019978e-07
2.806606e-07
2.705952e-07
2.528204e-07
