1.535435e-06
1.472673e-06
1.419680e-06
1.311964e-06
1.304680e-06
1.281210e-06
9.399435e-07
9.338719e-07
8.710262e-07
8.882674e-07
7.998164e-07
8.431445e-07
6.526971e-07
6.303912e-07
5.896315e-07
5.615912e-07
5.303735e-07
5.348457e-07
4.558581e-07
4.411222e-07
4.242843e-07
4.231520e-07
3.886978e-07
3.807493e-07
3.481282e-07
3.397766e-07
3.149713e-07
3.033090e-07
3.004715e-07
2.741943e-07
2.685238e-07
2.551154e-07
2.539508e-07
2.414058e-07
2.281748e-07
2.190368e-07
2.268372e-07
2.122531e-07
1.953401e-07
1.950034e-07
1.762960e-07
1.742374e-07
1.976984e-07
1.744651e-07
1.679143e-07
1.562071e-07
1.426976e-07
1.371254e-07
1.584752e-07
1.465711e-07
1.427741e-07
1.278793e-07
1.217506e-07
1.135752e-07
1.352190e-07
1.287026e-07
1.224742e-07
1.123992e-07
9.998120e-08
9.787414e-08
