1.494825e-06
1.471384e-06
1.360781e-06
1.357499e-06
1.274152e-06
1.190482e-06
9.083318e-07
8.496144e-07
8.665838e-07
8.242003e-07
8.083414e-07
7.642843e-07
6.133605e-07
5.844028e-07
5.838913e-07
5.637786e-07
5.488450e-07
4.990827e-07
4.759047e-07
4.485719e-07
4.321016e-07
4.122334e-07
4.005097e-07
3.550561e-07
3.370959e-07
3.384477e-07
3.345607e-07
3.145712e-07
2.967766e-07
2.864523e-07
2.786413e-07
2.760424e-07
2.602645e-07
2.374753e-07
2.271010e-07
2.161946e-07
2.183015e-07
2.165390e-07
2.001461e-07
1.944025e-07
1.784594e-07
1.793563e-07
1.869603e-07
1.807160e-07
1.697837e-07
1.564753e-07
1.468496e-07
1.411794e-07
1.600490e-07
1.511002e-07
1.365576e-07
1.271271e-07
1.213089e-07
1.203145e-07
1.349432e-07
1.249226e-07
1.176353e-07
1.094586e-07
1.058602e-07
1.015080e-07
