1.450913e-06
1.396678e-06
1.400747e-06
1.357387e-06
1.267797e-06
1.200903e-06
8.950079e-07
9.006682e-07
8.305498e-07
7.902411e-07
7.772676e-07
7.390587e-07
6.158854e-07
6.295744e-07
5.865910e-07
5.306693e-07
5.241253e-07
5.033232e-07
4.540021e-07
4.498007e-07
4.119075e-07
3.794521e-07
3.900617e-07
3.703926e-07
3.447638e-07
3.480003e-07
3.220666e-07
3.054215e-07
2.884777e-07
2.918709e-07
2.798175e-07
2.621056e-07
2.563096e-07
2.314773e-07
2.296173e-07
2.200032e-07
2.233192e-07
2.188402e-07
2.068711e-07
1.888300e-07
1.798565e-07
1.773970e-07
1.853570e-07
1.783240e-07
1.675921e-07
1.530044e-07
1.483981e-07
1.427499e-07
1.564487e-07
1.508471e-07
1.426749e-07
1.329515e-07
1.204544e-07
1.224771e-07
1.402115e-07
1.272615e-07
1.176414e-07
1.129135e-07
1.020955e-07
1.003013e-07
