1.477129e-06
1.329538e-06
1.362980e-06
1.305806e-06
1.246761e-06
1.285306e-06
8.924589e-07
8.804589e-07
8.286575e-07
8.439935e-07
7.736662e-07
7.662926e-07
6.217494e-07
6.107540e-07
5.883474e-07
5.445484e-07
5.281372e-07
4.990910e-07
4.690532e-07
4.427576e-07
4.215289e-07
4.094280e-07
3.943553e-07
3.668998e-07
3.432222e-07
3.386471e-07
3.265441e-07
3.165825e-07
3.011895e-07
2.720504e-07
2.793697e-07
2.542423e-07
2.475468e-07
2.449424e-07
2.262634e-07
2.171549e-07
2.258174e-07
2.216193e-07
1.988205e-07
1.968041e-07
1.863715e-07
1.702739e-07
1.879846e-07
1.733925e-07
1.694619e-07
1.634838e-07
1.508411e-07
1.369857e-07
1.587182e-07
1.487094e-07
1.380844e-07
1.342937e-07
1.239186e-07
1.126215e-07
1.375462e-07
1.256633e-07
1.180647e-07
1.146760e-07
1.059641e-07
9.595474e-08
