1.481369e-06
1.428147e-06
1.435041e-06
1.353022e-06
1.335489e-06
1.264076e-06
9.108674e-07
9.035469e-07
9.013626e-07
8.403470e-07
8.159650e-07
7.964773e-07
6.349629e-07
6.302682e-07
6.381543e-07
5.900845e-07
5.601362e-07
5.549061e-07
4.611456e-07
4.563459e-07
4.381065e-07
4.200645e-07
4.035948e-07
3.766098e-07
3.657735e-07
3.432148e-07
3.341999e-07
3.251969e-07
3.056348e-07
2.927392e-07
2.724231e-07
2.764043e-07
2.576237e-07
2.316799e-07
2.285479e-07
2.191640e-07
2.126920e-07
2.153147e-07
1.982891e-07
1.912961e-07
1.862238e-07
1.716862e-07
1.844880e-07
1.729654e-07
1.654066e-07
1.527260e-07
1.505714e-07
1.393140e-07
1.574333e-07
1.477165e-07
1.378769e-07
1.310466e-07
1.256353e-07
1.156245e-07
1.327736e-07
1.245991e-07
1.200493e-07
1.120958e-07
1.036457e-07
9.700749e-08
