1.508693e-06
1.434626e-06
1.428742e-06
1.309630e-06
1.303456e-06
1.236125e-06
8.778323e-07
9.328383e-07
8.474932e-07
8.233751e-07
8.051945e-07
7.167143e-07
6.240068e-07
6.558592e-07
6.084558e-07
5.724220e-07
5.692591e-07
4.990814e-07
4.592407e-07
4.421500e-07
4.538791e-07
3.966809e-07
4.238902e-07
3.813413e-07
3.595973e-07
3.412108e-07
3.227285e-07
3.180458e-07
3.076638e-07
2.853893e-07
2.701278e-07
2.739197e-07
2.569800e-07
2.482464e-07
2.316441e-07
2.227897e-07
2.271036e-07
2.205986e-07
2.112615e-07
1.930645e-07
1.800316e-07
1.769707e-07
1.897841e-07
1.797398e-07
1.677681e-07
1.608254e-07
1.470385e-07
1.352639e-07
1.623996e-07
1.481460e-07
1.405518e-07
1.292776e-07
1.226312e-07
1.137291e-07
1.375470e-07
1.260959e-07
1.179875e-07
1.090273e-07
1.039851e-07
9.687211e-08
