1.464250e-06
1.492702e-06
1.424202e-06
1.395159e-06
1.380284e-06
1.241884e-06
9.082216e-07
9.158551e-07
8.585781e-07
8.316018e-07
7.628430e-07
7.108870e-07
6.402951e-07
6.156665e-07
5.959520e-07
5.687105e-07
5.496901e-07
5.129296e-07
4.618611e-07
4.325440e-07
4.248997e-07
4.038489e-07
3.875624e-07
3.750005e-07
3.520686e-07
3.342857e-07
3.079412e-07
3.100156e-07
2.860403e-07
2.752217e-07
2.855007e-07
2.684687e-07
2.541850e-07
2.444630e-07
2.377525e-07
2.147681e-07
2.223035e-07
2.201485e-07
2.019504e-07
1.900091e-07
1.845693e-07
1.691495e-07
1.931529e-07
1.808968e-07
1.675578e-07
1.592365e-07
1.494203e-07
1.364851e-07
1.621110e-07
1.489961e-07
1.361128e-07
1.311229e-07
1.262956e-07
1.156627e-07
1.367610e-07
1.264516e-07
1.174968e-07
1.114843e-07
1.061805e-07
9.785343e-08
