1.443132e-06
1.416143e-06
1.411449e-06
1.414698e-06
1.285593e-06
1.269535e-06
9.277600e-07
8.918595e-07
8.657143e-07
8.039145e-07
8.081572e-07
8.076151e-07
6.214309e-07
6.085167e-07
5.735958e-07
5.686942e-07
5.343478e-07
5.378727e-07
4.444440e-07
4.633259e-07
4.360424e-07
4.139777e-07
4.052633e-07
3.644435e-07
3.397438e-07
3.389470e-07
3.195919e-07
3.175771e-07
3.042649e-07
2.763022e-07
2.675893e-07
2.639402e-07
2.495622e-07
2.467224e-07
2.306871e-07
2.231579e-07
2.162774e-07
2.138985e-07
2.069666e-07
1.913699e-07
1.820175e-07
1.725557e-07
1.848696e-07
1.758024e-07
1.673346e-07
1.599817e-07
1.440025e-07
1.424493e-07
1.552698e-07
1.491397e-07
1.373178e-07
1.349470e-07
1.206162e-07
1.178430e-07
1.389397e-07
1.313786e-07
1.153461e-07
1.105954e-07
1.057942e-07
9.793089e-08
