1.628864e-06
1.541995e-06
1.454673e-06
1.575550e-06
1.390183e-06
1.293630e-06
1.001404e-06
9.288170e-07
9.360960e-07
8.954244e-07
8.695529e-07
8.320969e-07
6.485128e-07
6.120404e-07
6.037062e-07
5.945311e-07
5.701487e-07
5.280797e-07
4.845165e-07
4.459741e-07
4.234295e-07
4.142463e-07
4.005309e-07
3.626810e-07
3.848242e-07
3.423841e-07
3.298806e-07
3.073919e-07
2.944062e-07
2.792039e-07
2.843239e-07
2.645361e-07
2.546989e-07
2.348037e-07
2.308900e-07
2.115010e-07
2.224032e-07
2.103533e-07
2.004519e-07
1.890295e-07
1.798168e-07
1.653152e-07
1.907514e-07
1.691569e-07
1.617246e-07
1.577621e-07
1.469642e-07
1.389144e-07
1.506486e-07
1.465807e-07
1.374429e-07
1.308451e-07
1.201113e-07
1.168863e-07
1.356356e-07
1.274896e-07
1.134755e-07
1.111275e-07
1.036067e-07
1.001964e-07
