4.486230e-06
4.401951e-06
4.238611e-06
4.063190e-06
4.055849e-06
3.893280e-06
3.424328e-06
3.278531e-06
3.239894e-06
3.234717e-06
3.037469e-06
2.980933e-06
2.737818e-06
2.589527e-06
2.534792e-06
2.544846e-06
2.439609e-06
2.381543e-06
2.152168e-06
2.134131e-06
2.139400e-06
2.024114e-06
1.978828e-06
1.879039e-06
1.815661e-06
1.754460e-06
1.743473e-06
1.658963e-06
1.629324e-06
1.558127e-06
1.544427e-06
1.499481e-06
1.444736e-06
1.384668e-06
1.357348e-06
1.276697e-06
1.312551e-06
1.285189e-06
1.229534e-06
1.170045e-06
1.142516e-06
1.094253e-06
1.138065e-06
1.106421e-06
1.066925e-06
9.968039e-07
9.857830e-07
9.308235e-07
9.894986e-07
9.566621e-07
9.063936e-07
8.969293e-07
8.598845e-07
7.965243e-07
8.774522e-07
8.364018e-07
7.998161e-07
7.748820e-07
7.381206e-07
6.915232e-07
7.887467e-07
7.471985e-07
7.214343e-07
6.771797e-07
6.485773e-07
6.074529e-07
6.973475e-07
6.711577e-07
6.417953e-07
6.061481e-07
5.757409e-07
5.381701e-07
6.334160e-07
5.972689e-07
5.711628e-07
5.411898e-07
5.106203e-07
4.799231e-07
5.756013e-07
5.402592e-07
5.135962e-07
4.830303e-07
4.660360e-07
4.306817e-07
5.241477e-07
4.938575e-07
4.619695e-07
4.468889e-07
4.171957e-07
3.893152e-07
4.765413e-07
4.475811e-07
4.187064e-07
4.009631e-07
3.767620e-07
3.561338e-07
4.233006e-07
4.112812e-07
3.848678e-07
3.631077e-07
3.469854e-07
3.220409e-07
3.938772e-07
3.771527e-07
3.546644e-07
3.284126e-07
3.167786e-07
2.962035e-07
3.693476e-07
3.489643e-07
3.221742e-07
3.073033e-07
2.886102e-07
2.669142e-07
3.413866e-07
3.239833e-07
3.016901e-07
2.790494e-07
2.643353e-07
2.464713e-07
