4.549079e-06
4.353076e-06
4.287368e-06
4.189423e-06
3.996829e-06
3.801927e-06
3.448497e-06
3.414721e-06
3.218630e-06
3.174765e-06
3.006069e-06
2.892505e-06
2.729536e-06
2.582906e-06
2.564647e-06
2.466708e-06
2.369702e-06
2.239206e-06
2.172037e-06
2.140682e-06
2.047528e-06
2.001618e-06
1.927890e-06
1.854368e-06
1.874239e-06
1.737129e-06
1.697116e-06
1.660921e-06
1.600124e-06
1.567048e-06
1.573149e-06
1.494484e-06
1.437603e-06
1.413749e-06
1.345958e-06
1.276723e-06
1.308884e-06
1.284633e-06
1.245839e-06
1.183294e-06
1.131515e-06
1.074984e-06
1.132499e-06
1.118186e-06
1.090018e-06
1.030976e-06
9.908478e-07
9.117586e-07
9.907950e-07
9.573238e-07
9.350002e-07
8.883601e-07
8.558875e-07
7.993355e-07
8.686701e-07
8.425835e-07
8.071993e-07
7.717870e-07
7.306914e-07
6.873350e-07
7.627374e-07
7.418713e-07
7.078113e-07
6.708747e-07
6.439515e-07
6.158991e-07
6.908413e-07
6.642505e-07
6.397553e-07
5.932712e-07
5.727209e-07
5.468328e-07
6.250308e-07
5.935358e-07
5.627531e-07
5.376811e-07
5.152029e-07
4.898516e-07
5.761600e-07
5.427951e-07
5.106521e-07
4.864862e-07
4.605602e-07
4.377236e-07
5.234298e-07
4.930638e-07
4.684567e-07
4.443708e-07
4.188176e-07
3.871019e-07
4.802195e-07
4.562530e-07
4.286500e-07
3.975418e-07
3.815004e-07
3.502137e-07
4.322688e-07
4.183194e-07
3.863242e-07
3.641002e-07
3.454260e-07
3.185641e-07
4.007631e-07
3.786545e-07
3.567135e-07
3.348225e-07
3.140708e-07
2.940095e-07
3.720689e-07
3.495381e-07
3.271838e-07
3.048841e-07
2.906057e-07
2.669767e-07
3.455871e-07
3.231233e-07
3.004188e-07
2.808122e-07
2.678999e-07
2.503384e-07
