1.458628e-08
1.440398e-08
1.411390e-08
1.364067e-08
1.326900e-08
1.273412e-08
9.078198e-09
8.899055e-09
8.669655e-09
8.357224e-09
8.110426e-09
7.761970e-09
6.239037e-09
6.083020e-09
5.900962e-09
5.710856e-09
5.486302e-09
5.239246e-09
4.625272e-09
4.464538e-09
4.249623e-09
4.111448e-09
3.959446e-09
3.738346e-09
3.506879e-09
3.389810e-09
3.240207e-09
3.097568e-09
2.969196e-09
2.801803e-09
2.776062e-09
2.658070e-09
2.535127e-09
2.416673e-09
2.301799e-09
2.162593e-09
2.247036e-09
2.141710e-09
2.036485e-09
1.938059e-09
1.835673e-09
1.720527e-09
1.866195e-09
1.763811e-09
1.673670e-09
1.576220e-09
1.490412e-09
1.396495e-09
1.579614e-09
1.483120e-09
1.392075e-09
1.313463e-09
1.236424e-09
1.160426e-09
1.355780e-09
1.266803e-09
1.180942e-09
1.110521e-09
1.041746e-09
9.830815e-10
