1.460067e-06
1.468861e-06
1.384842e-06
1.405384e-06
1.296916e-06
1.203126e-06
9.468778e-07
9.044473e-07
8.940015e-07
8.316335e-07
8.709940e-07
7.922582e-07
6.409987e-07
6.057434e-07
5.799215e-07
5.505194e-07
5.438316e-07
5.081821e-07
4.724445e-07
4.450868e-07
4.306355e-07
4.107131e-07
3.936969e-07
3.797139e-07
3.477600e-07
3.269491e-07
3.309881e-07
3.219044e-07
3.014144e-07
2.764105e-07
2.862057e-07
2.671309e-07
2.499912e-07
2.395797e-07
2.291807e-07
2.138145e-07
2.254926e-07
2.159292e-07
1.961803e-07
2.065416e-07
1.830488e-07
1.673264e-07
1.878751e-07
1.789350e-07
1.645383e-07
1.590699e-07
1.469076e-07
1.368416e-07
1.591125e-07
1.521559e-07
1.414757e-07
1.328967e-07
1.212299e-07
1.123161e-07
1.389932e-07
1.257430e-07
1.190350e-07
1.165316e-07
1.030851e-07
9.625335e-08
