1.478717e-06
1.460433e-06
1.428464e-06
1.347928e-06
1.396798e-06
1.379560e-06
8.932198e-07
9.193343e-07
8.744170e-07
8.675197e-07
8.355290e-07
7.902783e-07
6.554169e-07
6.328801e-07
5.772957e-07
5.841197e-07
5.411702e-07
5.269904e-07
4.941238e-07
4.498922e-07
4.530842e-07
4.132317e-07
4.041808e-07
3.688036e-07
3.627986e-07
3.419518e-07
3.268978e-07
3.190896e-07
2.857890e-07
2.806655e-07
2.760272e-07
2.590414e-07
2.522085e-07
2.402783e-07
2.313222e-07
2.104736e-07
2.229242e-07
2.075293e-07
2.079545e-07
1.889860e-07
1.841744e-07
1.699161e-07
1.896742e-07
1.744771e-07
1.669316e-07
1.577907e-07
1.502767e-07
1.413123e-07
1.573193e-07
1.498267e-07
1.385607e-07
1.305737e-07
1.216799e-07
1.136878e-07
1.346608e-07
1.269688e-07
1.160325e-07
1.137406e-07
1.025549e-07
9.915309e-08
