1.452742e-06
1.353299e-06
1.358758e-06
1.334585e-06
1.314724e-06
1.259160e-06
9.206543e-07
8.833235e-07
8.321140e-07
8.695751e-07
8.239964e-07
7.914366e-07
6.284813e-07
6.333570e-07
5.893018e-07
5.720350e-07
5.470792e-07
5.240644e-07
4.566893e-07
4.310580e-07
4.105002e-07
3.923675e-07
4.090000e-07
3.567581e-07
3.362002e-07
3.469540e-07
3.207773e-07
3.102893e-07
3.065350e-07
2.799455e-07
2.823088e-07
2.733460e-07
2.562418e-07
2.396612e-07
2.239382e-07
2.216648e-07
2.124291e-07
2.180045e-07
1.987482e-07
1.890214e-07
1.811884e-07
1.741527e-07
1.743513e-07
1.733451e-07
1.703465e-07
1.536797e-07
1.484433e-07
1.417139e-07
1.538241e-07
1.453420e-07
1.411574e-07
1.302681e-07
1.221993e-07
1.172395e-07
1.306158e-07
1.223570e-07
1.185452e-07
1.120625e-07
1.076913e-07
1.017216e-07
