4.423731e-06
4.374915e-06
4.292916e-06
4.245819e-06
3.943021e-06
3.791632e-06
3.415118e-06
3.347844e-06
3.299528e-06
3.249648e-06
3.060823e-06
2.921764e-06
2.652305e-06
2.631524e-06
2.533117e-06
2.517895e-06
2.413846e-06
2.264603e-06
2.163773e-06
2.116928e-06
2.062499e-06
2.015071e-06
1.983457e-06
1.847632e-06
1.816929e-06
1.797232e-06
1.704660e-06
1.664410e-06
1.651870e-06
1.517301e-06
1.537255e-06
1.481005e-06
1.423084e-06
1.383640e-06
1.364464e-06
1.281627e-06
1.298645e-06
1.255275e-06
1.211359e-06
1.181280e-06
1.153123e-06
1.108001e-06
1.117764e-06
1.103236e-06
1.038209e-06
1.029506e-06
9.911234e-07
9.547187e-07
9.749903e-07
9.496023e-07
9.120291e-07
8.942812e-07
8.607635e-07
8.217265e-07
8.726866e-07
8.452558e-07
7.959354e-07
7.669075e-07
7.500148e-07
7.013337e-07
7.737420e-07
7.413256e-07
7.130291e-07
6.771070e-07
6.445856e-07
6.165145e-07
7.052672e-07
6.670589e-07
6.328245e-07
6.035322e-07
5.751070e-07
5.428249e-07
6.287549e-07
5.954154e-07
5.691228e-07
5.391600e-07
5.045510e-07
4.862661e-07
5.712215e-07
5.424051e-07
5.032728e-07
4.803718e-07
4.589181e-07
4.383438e-07
5.154770e-07
4.988109e-07
4.585289e-07
4.355732e-07
4.119917e-07
3.958290e-07
4.747888e-07
4.583452e-07
4.177539e-07
3.925578e-07
3.716629e-07
3.595688e-07
4.307400e-07
4.121629e-07
3.779679e-07
3.593080e-07
3.395673e-07
3.245032e-07
4.000998e-07
3.796484e-07
3.460804e-07
3.333140e-07
3.149217e-07
2.950189e-07
3.664097e-07
3.514010e-07
3.238259e-07
3.069372e-07
2.847117e-07
2.707691e-07
3.449343e-07
3.220013e-07
2.997538e-07
2.835943e-07
2.619416e-07
2.518039e-07
