4.316959e-06
4.342722e-06
4.190544e-06
4.129058e-06
3.979043e-06
3.954150e-06
3.481903e-06
3.341181e-06
3.298239e-06
3.130878e-06
3.057145e-06
3.031012e-06
2.777758e-06
2.656773e-06
2.611672e-06
2.522571e-06
2.419192e-06
2.382628e-06
2.225075e-06
2.168536e-06
2.090498e-06
2.080113e-06
1.981294e-06
1.875252e-06
1.834147e-06
1.778888e-06
1.732678e-06
1.685985e-06
1.602801e-06
1.532580e-06
1.547660e-06
1.477574e-06
1.454996e-06
1.435432e-06
1.327536e-06
1.286336e-06
1.299590e-06
1.264729e-06
1.234209e-06
1.185416e-06
1.127804e-06
1.096680e-06
1.124881e-06
1.111632e-06
1.064275e-06
1.031441e-06
9.763903e-07
9.351430e-07
9.974472e-07
9.689738e-07
9.157365e-07
8.702419e-07
8.383635e-07
8.025977e-07
8.774596e-07
8.423905e-07
8.091120e-07
7.570672e-07
7.225168e-07
6.901799e-07
7.833616e-07
7.485470e-07
7.156248e-07
6.709319e-07
6.354219e-07
6.015394e-07
6.931396e-07
6.644202e-07
6.291982e-07
6.020051e-07
5.634560e-07
5.399022e-07
6.202501e-07
5.939301e-07
5.637729e-07
5.301807e-07
4.923314e-07
4.841441e-07
5.718166e-07
5.459132e-07
5.121482e-07
4.825311e-07
4.497765e-07
4.367460e-07
5.202927e-07
4.967983e-07
4.650079e-07
4.409467e-07
4.152848e-07
3.890347e-07
4.807705e-07
4.597930e-07
4.342566e-07
3.996199e-07
3.770634e-07
3.558674e-07
4.375498e-07
4.131608e-07
3.868737e-07
3.632772e-07
3.442198e-07
3.256333e-07
4.077455e-07
3.820585e-07
3.577634e-07
3.289043e-07
3.132497e-07
2.993821e-07
3.765636e-07
3.539503e-07
3.251249e-07
3.062629e-07
2.872135e-07
2.695491e-07
3.459621e-07
3.239170e-07
3.011373e-07
2.842671e-07
2.655131e-07
2.499021e-07
