1.506664e-06
1.463911e-06
1.380134e-06
1.241079e-06
1.399053e-06
1.216895e-06
8.503236e-07
8.888715e-07
8.682089e-07
8.539962e-07
7.531726e-07
7.452603e-07
6.453435e-07
6.334242e-07
6.030955e-07
5.718243e-07
5.515993e-07
5.145130e-07
4.463120e-07
4.449818e-07
4.317760e-07
4.046425e-07
4.013258e-07
3.762520e-07
3.391879e-07
3.339160e-07
3.189844e-07
3.027463e-07
2.867834e-07
2.723226e-07
2.778316e-07
2.623973e-07
2.541388e-07
2.413618e-07
2.246248e-07
2.128777e-07
2.233893e-07
2.192725e-07
2.061860e-07
1.891376e-07
1.739400e-07
1.728560e-07
1.819830e-07
1.776847e-07
1.706640e-07
1.539391e-07
1.408522e-07
1.388666e-07
1.512003e-07
1.449157e-07
1.379497e-07
1.294017e-07
1.200236e-07
1.141736e-07
1.344462e-07
1.246149e-07
1.173084e-07
1.095162e-07
1.030480e-07
9.908300e-08
