4.368521e-06
4.243430e-06
4.181121e-06
4.111858e-06
3.976823e-06
3.962972e-06
3.414577e-06
3.352815e-06
3.193847e-06
3.185426e-06
3.034742e-06
2.953177e-06
2.662588e-06
2.655466e-06
2.597039e-06
2.482649e-06
2.427380e-06
2.261177e-06
2.178848e-06
2.152844e-06
2.093779e-06
2.011200e-06
1.954044e-06
1.829161e-06
1.824601e-06
1.788744e-06
1.754250e-06
1.676059e-06
1.607611e-06
1.493725e-06
1.550660e-06
1.457759e-06
1.447816e-06
1.379552e-06
1.353853e-06
1.240219e-06
1.307566e-06
1.268637e-06
1.223466e-06
1.169690e-06
1.125730e-06
1.059773e-06
1.126102e-06
1.113921e-06
1.064915e-06
1.027977e-06
9.650611e-07
9.029125e-07
9.796515e-07
9.563513e-07
9.147884e-07
8.873352e-07
8.348223e-07
7.821434e-07
8.695624e-07
8.414750e-07
8.123548e-07
7.804971e-07
7.305464e-07
6.888376e-07
7.743833e-07
7.403717e-07
7.083022e-07
6.729017e-07
6.436199e-07
6.082113e-07
6.778756e-07
6.605073e-07
6.262359e-07
6.082809e-07
5.631897e-07
5.400208e-07
6.229766e-07
6.070223e-07
5.686614e-07
5.441257e-07
5.107443e-07
4.877355e-07
5.707923e-07
5.477541e-07
5.174536e-07
4.870156e-07
4.571975e-07
4.344644e-07
5.237716e-07
4.889508e-07
4.712207e-07
4.397093e-07
4.132657e-07
3.962709e-07
4.764486e-07
4.472538e-07
4.259373e-07
3.973736e-07
3.736149e-07
3.563221e-07
4.350273e-07
4.116307e-07
3.877110e-07
3.665977e-07
3.384224e-07
3.221448e-07
4.043568e-07
3.736111e-07
3.521707e-07
3.328136e-07
3.078745e-07
2.937435e-07
3.730045e-07
3.460761e-07
3.277017e-07
3.061139e-07
2.869159e-07
2.701958e-07
3.502485e-07
3.245830e-07
3.047864e-07
2.833193e-07
2.639122e-07
2.506858e-07
