4.500779e-06
4.379984e-06
4.344256e-06
4.164642e-06
4.097643e-06
3.891150e-06
3.270310e-06
3.362462e-06
3.320437e-06
3.176340e-06
3.137077e-06
2.932490e-06
2.672895e-06
2.628038e-06
2.554252e-06
2.544584e-06
2.422683e-06
2.300184e-06
2.189924e-06
2.095753e-06
2.078201e-06
2.025685e-06
1.934790e-06
1.851424e-06
1.812420e-06
1.774261e-06
1.694417e-06
1.660930e-06
1.587101e-06
1.511085e-06
1.522613e-06
1.476071e-06
1.437710e-06
1.373954e-06
1.357308e-06
1.281183e-06
1.287049e-06
1.271735e-06
1.231221e-06
1.194071e-06
1.136485e-06
1.101448e-06
1.125143e-06
1.104995e-06
1.071937e-06
1.011913e-06
9.744451e-07
9.469554e-07
9.828802e-07
9.688117e-07
9.326115e-07
8.670152e-07
8.573992e-07
7.915015e-07
8.640812e-07
8.375252e-07
8.123201e-07
7.703727e-07
7.314861e-07
6.788622e-07
7.694879e-07
7.368593e-07
7.297528e-07
6.860162e-07
6.509931e-07
5.990358e-07
6.944215e-07
6.656714e-07
6.456457e-07
6.066307e-07
5.782281e-07
5.341622e-07
6.265392e-07
5.986242e-07
5.825086e-07
5.443109e-07
5.128777e-07
4.814658e-07
5.697131e-07
5.415676e-07
5.175224e-07
4.843303e-07
4.578056e-07
4.344398e-07
5.096712e-07
4.917592e-07
4.680963e-07
4.415549e-07
4.116731e-07
3.952651e-07
4.687947e-07
4.487561e-07
4.244055e-07
3.976451e-07
3.707163e-07
3.598522e-07
4.327549e-07
4.050519e-07
3.903803e-07
3.637039e-07
3.450669e-07
3.254172e-07
3.968093e-07
3.777277e-07
3.567448e-07
3.390243e-07
3.164203e-07
2.984524e-07
3.762075e-07
3.513152e-07
3.267445e-07
3.106893e-07
2.934466e-07
2.753574e-07
3.495412e-07
3.209618e-07
3.058490e-07
2.829258e-07
2.662432e-07
2.533318e-07
