1.461439e-06
1.420696e-06
1.482793e-06
1.396694e-06
1.401092e-06
1.277379e-06
9.620456e-07
9.245528e-07
8.928720e-07
8.879128e-07
7.950773e-07
8.141620e-07
6.263328e-07
5.777399e-07
5.968723e-07
5.981149e-07
5.576519e-07
5.106283e-07
4.360622e-07
4.216720e-07
4.239036e-07
4.113639e-07
3.883544e-07
3.807235e-07
3.418260e-07
3.478371e-07
3.260053e-07
3.056898e-07
2.995313e-07
2.822997e-07
2.730033e-07
2.743026e-07
2.569826e-07
2.311562e-07
2.174539e-07
2.171978e-07
2.293098e-07
2.183814e-07
2.152169e-07
1.845380e-07
1.801396e-07
1.798864e-07
1.888034e-07
1.781160e-07
1.697726e-07
1.577000e-07
1.478994e-07
1.426035e-07
1.587819e-07
1.465715e-07
1.415760e-07
1.352630e-07
1.265253e-07
1.171805e-07
1.363858e-07
1.266984e-07
1.177675e-07
1.104480e-07
1.048237e-07
1.013415e-07
