4.512670e-06
4.442864e-06
4.293094e-06
4.136117e-06
3.963539e-06
3.897170e-06
3.370195e-06
3.337187e-06
3.327939e-06
3.142111e-06
3.038667e-06
2.975020e-06
2.736660e-06
2.683755e-06
2.571157e-06
2.553148e-06
2.473847e-06
2.321835e-06
2.196541e-06
2.142701e-06
2.113474e-06
2.045602e-06
1.954939e-06
1.826297e-06
1.831095e-06
1.777516e-06
1.723266e-06
1.677798e-06
1.624523e-06
1.488007e-06
1.512482e-06
1.471858e-06
1.457465e-06
1.399639e-06
1.356366e-06
1.261032e-06
1.301799e-06
1.286287e-06
1.237844e-06
1.177057e-06
1.155991e-06
1.065888e-06
1.116725e-06
1.114431e-06
1.061255e-06
1.028993e-06
9.855511e-07
9.406401e-07
1.003471e-06
9.560846e-07
9.227336e-07
8.867534e-07
8.589120e-07
8.091491e-07
8.887792e-07
8.482266e-07
8.096282e-07
7.770080e-07
7.376243e-07
7.025074e-07
7.827844e-07
7.419502e-07
7.048601e-07
6.796401e-07
6.460721e-07
6.231464e-07
6.978241e-07
6.649406e-07
6.292206e-07
6.006903e-07
5.681169e-07
5.501661e-07
6.288280e-07
5.912626e-07
5.713233e-07
5.287282e-07
5.076639e-07
4.831397e-07
5.618941e-07
5.454162e-07
5.122285e-07
4.744141e-07
4.602409e-07
4.319246e-07
5.113134e-07
4.924704e-07
4.610949e-07
4.347319e-07
4.098129e-07
3.912153e-07
4.672984e-07
4.536296e-07
4.249625e-07
3.989031e-07
3.766199e-07
3.599177e-07
4.401674e-07
4.130088e-07
3.842872e-07
3.623213e-07
3.398792e-07
3.220136e-07
4.072830e-07
3.805025e-07
3.569034e-07
3.311479e-07
3.088835e-07
2.924379e-07
3.778302e-07
3.536351e-07
3.303372e-07
3.042764e-07
2.821247e-07
2.647105e-07
3.498944e-07
3.284741e-07
3.037331e-07
2.832749e-07
2.620366e-07
2.464760e-07
