4.620391e-06
4.493156e-06
4.273187e-06
4.174120e-06
4.105893e-06
3.962584e-06
3.458057e-06
3.319247e-06
3.249992e-06
3.190421e-06
3.122839e-06
3.013246e-06
2.741082e-06
2.645789e-06
2.592918e-06
2.530435e-06
2.411975e-06
2.370346e-06
2.184776e-06
2.148319e-06
2.050603e-06
2.009481e-06
1.962609e-06
1.866506e-06
1.803526e-06
1.776021e-06
1.720911e-06
1.637519e-06
1.619663e-06
1.501450e-06
1.541917e-06
1.493474e-06
1.442397e-06
1.404099e-06
1.323682e-06
1.242320e-06
1.310833e-06
1.241586e-06
1.252694e-06
1.189813e-06
1.131203e-06
1.063742e-06
1.123453e-06
1.076780e-06
1.054097e-06
1.005112e-06
9.554114e-07
9.147488e-07
9.678434e-07
9.551243e-07
9.234583e-07
8.688042e-07
8.348786e-07
7.998920e-07
8.569148e-07
8.182400e-07
7.961098e-07
7.610127e-07
7.321163e-07
7.073080e-07
7.635785e-07
7.372866e-07
7.064760e-07
6.679183e-07
6.373294e-07
6.100034e-07
6.988618e-07
6.668279e-07
6.374706e-07
6.004153e-07
5.643170e-07
5.435911e-07
6.330784e-07
6.033650e-07
5.720903e-07
5.513372e-07
5.063203e-07
4.765112e-07
5.641493e-07
5.463601e-07
5.221486e-07
4.903422e-07
4.579126e-07
4.343625e-07
5.191193e-07
4.885525e-07
4.593458e-07
4.452800e-07
4.156710e-07
3.906083e-07
4.670141e-07
4.509896e-07
4.200056e-07
3.989904e-07
3.813255e-07
3.538479e-07
4.367819e-07
4.067319e-07
3.797411e-07
3.599169e-07
3.456534e-07
3.221400e-07
4.062437e-07
3.728124e-07
3.536480e-07
3.296983e-07
3.107907e-07
2.955611e-07
3.695320e-07
3.458979e-07
3.255268e-07
3.063746e-07
2.842444e-07
2.725024e-07
3.399355e-07
3.230098e-07
3.048458e-07
2.800407e-07
2.595741e-07
2.473886e-07
