1.273852e+03
1.283823e+03
1.182461e+03
9.559743e+02
8.369079e+02
8.814155e+02
1.942433e+03
1.783764e+03
1.776154e+03
1.542548e+03
1.530658e+03
1.487373e+03
2.730913e+03
2.550581e+03
2.050248e+03
2.135726e+03
2.006350e+03
1.906490e+03
3.890034e+03
3.369971e+03
2.949710e+03
2.898169e+03
2.505964e+03
2.389354e+03
4.775912e+03
4.648631e+03
3.829374e+03
3.277706e+03
3.152944e+03
2.894716e+03
6.006260e+03
5.137806e+03
4.756142e+03
3.975823e+03
3.668539e+03
2.859475e+03
6.954547e+03
6.334269e+03
5.306845e+03
4.907719e+03
4.260222e+03
3.739397e+03
8.326862e+03
7.613803e+03
6.311820e+03
5.668017e+03
4.761553e+03
4.335172e+03
1.054391e+04
9.283299e+03
6.973582e+03
6.601161e+03
5.458563e+03
4.879077e+03
1.227712e+04
9.968655e+03
8.594553e+03
7.187268e+03
6.185538e+03
5.718517e+03
