1.524923e-06
1.376005e-06
1.429170e-06
1.345812e-06
1.328336e-06
1.248261e-06
9.100582e-07
9.229898e-07
8.562585e-07
8.244018e-07
8.415167e-07
7.785473e-07
6.194110e-07
6.201305e-07
5.681690e-07
5.770672e-07
5.669708e-07
5.370677e-07
4.615531e-07
4.351188e-07
4.196462e-07
4.053010e-07
3.780926e-07
3.613808e-07
3.539003e-07
3.427981e-07
3.239237e-07
3.134391e-07
2.881304e-07
2.694129e-07
2.751863e-07
2.631804e-07
2.481753e-07
2.324061e-07
2.294595e-07
2.052266e-07
2.200199e-07
2.045822e-07
2.018356e-07
1.928484e-07
1.745341e-07
1.712779e-07
1.832338e-07
1.755023e-07
1.708308e-07
1.567785e-07
1.533989e-07
1.384297e-07
1.563374e-07
1.494381e-07
1.377956e-07
1.314887e-07
1.259650e-07
1.206388e-07
1.341183e-07
1.272901e-07
1.188366e-07
1.122000e-07
1.032011e-07
1.031016e-07
