4.419429e-06
4.459039e-06
4.381691e-06
4.136402e-06
4.071040e-06
3.942241e-06
3.360242e-06
3.387820e-06
3.297598e-06
3.245767e-06
3.046169e-06
2.938742e-06
2.677119e-06
2.625200e-06
2.601509e-06
2.511649e-06
2.439527e-06
2.312722e-06
2.197777e-06
2.123861e-06
2.023062e-06
2.019676e-06
1.933357e-06
1.804670e-06
1.832707e-06
1.783592e-06
1.690563e-06
1.663211e-06
1.601813e-06
1.506338e-06
1.582470e-06
1.479250e-06
1.420758e-06
1.394169e-06
1.348108e-06
1.257881e-06
1.333581e-06
1.270671e-06
1.203619e-06
1.188451e-06
1.130241e-06
1.098404e-06
1.139230e-06
1.103758e-06
1.054928e-06
1.002890e-06
9.587548e-07
9.179581e-07
9.945978e-07
9.646385e-07
9.210331e-07
8.908901e-07
8.483441e-07
8.003469e-07
8.972579e-07
8.443756e-07
7.973567e-07
7.623137e-07
7.364578e-07
7.020902e-07
7.813090e-07
7.527355e-07
7.111570e-07
6.741965e-07
6.467100e-07
6.097931e-07
7.027285e-07
6.594580e-07
6.293395e-07
6.113034e-07
5.651130e-07
5.486357e-07
6.197926e-07
5.948699e-07
5.638296e-07
5.419431e-07
5.097741e-07
4.861529e-07
5.601408e-07
5.377368e-07
5.129111e-07
4.837764e-07
4.556255e-07
4.364753e-07
5.039924e-07
4.886744e-07
4.693151e-07
4.398147e-07
4.145513e-07
3.940953e-07
4.711833e-07
4.456910e-07
4.243591e-07
3.965564e-07
3.825743e-07
3.532692e-07
4.328909e-07
4.112450e-07
3.839196e-07
3.614400e-07
3.419797e-07
3.179396e-07
3.984611e-07
3.782080e-07
3.539526e-07
3.292200e-07
3.142831e-07
2.886526e-07
3.689365e-07
3.515883e-07
3.258612e-07
2.999286e-07
2.817965e-07
2.667905e-07
3.447474e-07
3.224337e-07
3.014066e-07
2.810550e-07
2.626597e-07
2.482908e-07
