1.429861e-06
1.476772e-06
1.381416e-06
1.306387e-06
1.273561e-06
1.247036e-06
9.108853e-07
8.788536e-07
8.277085e-07
8.485146e-07
8.119358e-07
7.418565e-07
6.283259e-07
5.845615e-07
5.639012e-07
5.749904e-07
5.450349e-07
5.110744e-07
4.646724e-07
4.453434e-07
4.247264e-07
3.955697e-07
3.926158e-07
3.702466e-07
3.546188e-07
3.308117e-07
3.180467e-07
3.137145e-07
2.975683e-07
2.867954e-07
2.809845e-07
2.628597e-07
2.592638e-07
2.386666e-07
2.352104e-07
2.248338e-07
2.213933e-07
2.119604e-07
1.962701e-07
1.897269e-07
1.802354e-07
1.739678e-07
1.824843e-07
1.768945e-07
1.639956e-07
1.550477e-07
1.490770e-07
1.411439e-07
1.576948e-07
1.472811e-07
1.382833e-07
1.293006e-07
1.226849e-07
1.152637e-07
1.315319e-07
1.232642e-07
1.179880e-07
1.080318e-07
1.025844e-07
9.722125e-08
