4.424643e-06
4.374977e-06
4.154295e-06
4.144227e-06
4.049713e-06
3.877186e-06
3.430300e-06
3.393834e-06
3.270251e-06
3.126633e-06
3.070111e-06
2.936587e-06
2.680027e-06
2.628430e-06
2.531909e-06
2.525363e-06
2.422601e-06
2.311640e-06
2.147401e-06
2.182673e-06
2.065579e-06
2.018514e-06
1.963352e-06
1.887408e-06
1.837404e-06
1.760508e-06
1.706060e-06
1.674104e-06
1.585674e-06
1.580586e-06
1.518825e-06
1.507655e-06
1.459326e-06
1.424906e-06
1.357133e-06
1.287898e-06
1.298610e-06
1.294275e-06
1.248599e-06
1.220506e-06
1.121287e-06
1.084334e-06
1.148460e-06
1.114600e-06
1.063529e-06
1.041682e-06
9.758151e-07
9.179158e-07
1.008902e-06
9.619593e-07
9.312611e-07
8.859911e-07
8.320448e-07
8.023176e-07
8.720365e-07
8.529686e-07
8.059074e-07
7.592359e-07
7.323666e-07
6.926818e-07
7.832034e-07
7.467696e-07
7.213364e-07
6.799544e-07
6.396785e-07
6.099208e-07
6.833478e-07
6.595714e-07
6.339355e-07
5.955468e-07
5.667413e-07
5.351136e-07
6.209533e-07
5.960745e-07
5.718494e-07
5.366187e-07
5.072919e-07
4.866660e-07
5.694541e-07
5.302565e-07
5.074619e-07
4.843682e-07
4.603340e-07
4.306719e-07
5.163755e-07
4.888713e-07
4.620714e-07
4.402461e-07
4.159110e-07
3.856169e-07
4.749218e-07
4.502108e-07
4.255952e-07
4.015039e-07
3.813989e-07
3.522601e-07
4.412865e-07
4.077504e-07
3.886254e-07
3.604055e-07
3.444539e-07
3.194271e-07
4.014281e-07
3.766849e-07
3.557858e-07
3.293401e-07
3.164965e-07
2.905782e-07
3.679371e-07
3.498379e-07
3.279954e-07
3.067920e-07
2.902601e-07
2.631843e-07
3.495695e-07
3.270279e-07
3.062993e-07
2.834212e-07
2.657875e-07
2.494427e-07
