4.585226e-06
4.436723e-06
4.302254e-06
4.165618e-06
4.036103e-06
3.838862e-06
3.456652e-06
3.354345e-06
3.302442e-06
3.210780e-06
3.071999e-06
2.952006e-06
2.667070e-06
2.640549e-06
2.584885e-06
2.539044e-06
2.465497e-06
2.310116e-06
2.145287e-06
2.149210e-06
2.097787e-06
1.983882e-06
1.955571e-06
1.839515e-06
1.775201e-06
1.746930e-06
1.710354e-06
1.644557e-06
1.611982e-06
1.522963e-06
1.545085e-06
1.490149e-06
1.422272e-06
1.344023e-06
1.331036e-06
1.266882e-06
1.308884e-06
1.268730e-06
1.235365e-06
1.172028e-06
1.120574e-06
1.072279e-06
1.142563e-06
1.102965e-06
1.072534e-06
1.018663e-06
9.562060e-07
9.002924e-07
9.960938e-07
9.706562e-07
9.169919e-07
8.664587e-07
8.307014e-07
7.794801e-07
8.719952e-07
8.544978e-07
8.171276e-07
7.750132e-07
7.342744e-07
6.928549e-07
7.876440e-07
7.461414e-07
7.141142e-07
6.756611e-07
6.482780e-07
6.190900e-07
6.928069e-07
6.643933e-07
6.324609e-07
6.021942e-07
5.682116e-07
5.409490e-07
6.244477e-07
5.900324e-07
5.681814e-07
5.452688e-07
5.043709e-07
4.778004e-07
5.609583e-07
5.429141e-07
5.143771e-07
4.857349e-07
4.548996e-07
4.224972e-07
5.162541e-07
5.028496e-07
4.639014e-07
4.403638e-07
4.133362e-07
3.833978e-07
4.783180e-07
4.464884e-07
4.224738e-07
3.996742e-07
3.755291e-07
3.530614e-07
4.314282e-07
4.107127e-07
3.875531e-07
3.648607e-07
3.445149e-07
3.229549e-07
3.994545e-07
3.768468e-07
3.548341e-07
3.337154e-07
3.172066e-07
2.911810e-07
3.741117e-07
3.439362e-07
3.286252e-07
3.061570e-07
2.950076e-07
2.692588e-07
3.466398e-07
3.186963e-07
3.040709e-07
2.814631e-07
2.713779e-07
2.487921e-07
