1.495413e-06
1.425368e-06
1.447324e-06
1.369681e-06
1.356956e-06
1.322678e-06
8.986363e-07
8.515119e-07
8.710874e-07
8.491602e-07
8.158089e-07
7.517900e-07
6.298170e-07
6.061777e-07
6.016267e-07
5.843404e-07
5.343226e-07
5.253355e-07
4.678842e-07
4.401722e-07
4.378413e-07
4.156837e-07
3.973886e-07
3.686349e-07
3.347539e-07
3.412624e-07
3.241544e-07
3.051082e-07
2.941104e-07
2.773040e-07
2.737349e-07
2.678830e-07
2.567072e-07
2.382000e-07
2.374094e-07
2.131167e-07
2.219404e-07
2.109363e-07
2.090127e-07
2.011342e-07
1.888347e-07
1.737782e-07
1.836055e-07
1.746663e-07
1.673692e-07
1.610361e-07
1.526063e-07
1.404069e-07
1.572276e-07
1.515815e-07
1.437277e-07
1.311992e-07
1.274376e-07
1.169998e-07
1.343570e-07
1.268292e-07
1.206418e-07
1.121127e-07
1.033465e-07
9.976136e-08
