1.493621e-06
1.487462e-06
1.414438e-06
1.407099e-06
1.395337e-06
1.283975e-06
9.527793e-07
8.829347e-07
8.849761e-07
8.708624e-07
8.017587e-07
7.836400e-07
6.376089e-07
6.000020e-07
5.967438e-07
5.784683e-07
5.654378e-07
5.226831e-07
4.589783e-07
4.407160e-07
4.392920e-07
4.110442e-07
4.014511e-07
3.728486e-07
3.388500e-07
3.406224e-07
3.179009e-07
3.051411e-07
2.958799e-07
2.839793e-07
2.842253e-07
2.706792e-07
2.467346e-07
2.396883e-07
2.401021e-07
2.200771e-07
2.251124e-07
2.167342e-07
1.959029e-07
1.936491e-07
1.908837e-07
1.741862e-07
1.874380e-07
1.834542e-07
1.634776e-07
1.558328e-07
1.535844e-07
1.400521e-07
1.588910e-07
1.467415e-07
1.366358e-07
1.299793e-07
1.201753e-07
1.146845e-07
1.324163e-07
1.242543e-07
1.174642e-07
1.075038e-07
1.020105e-07
9.519806e-08
