1.412202e-06
1.467766e-06
1.307324e-06
1.342564e-06
1.352800e-06
1.193913e-06
8.629663e-07
8.801951e-07
8.749450e-07
8.223615e-07
8.143624e-07
7.542942e-07
5.963567e-07
6.219236e-07
5.722233e-07
5.788115e-07
5.455160e-07
5.171088e-07
4.455187e-07
4.313777e-07
4.253770e-07
4.154977e-07
3.988166e-07
3.888915e-07
3.330302e-07
3.328475e-07
3.328496e-07
3.207822e-07
3.025465e-07
3.045680e-07
2.729462e-07
2.602727e-07
2.488352e-07
2.385315e-07
2.331407e-07
2.248305e-07
2.226801e-07
2.154723e-07
2.029212e-07
1.910315e-07
1.852467e-07
1.741146e-07
1.906299e-07
1.824341e-07
1.630038e-07
1.493301e-07
1.459379e-07
1.384030e-07
1.612175e-07
1.453320e-07
1.355889e-07
1.286223e-07
1.224915e-07
1.172354e-07
1.389132e-07
1.264742e-07
1.149792e-07
1.103206e-07
1.054533e-07
9.746371e-08
