4.531154e-06
4.333883e-06
4.393643e-06
4.117088e-06
4.001168e-06
3.880473e-06
3.494222e-06
3.348748e-06
3.232350e-06
3.212968e-06
3.025309e-06
2.984082e-06
2.731385e-06
2.691610e-06
2.595411e-06
2.507587e-06
2.467672e-06
2.316394e-06
2.196879e-06
2.182365e-06
2.109370e-06
1.978211e-06
1.939374e-06
1.880657e-06
1.851260e-06
1.824708e-06
1.734872e-06
1.631724e-06
1.590897e-06
1.531392e-06
1.551733e-06
1.547886e-06
1.474448e-06
1.393904e-06
1.325832e-06
1.245747e-06
1.331699e-06
1.304619e-06
1.232129e-06
1.192536e-06
1.119987e-06
1.070582e-06
1.152619e-06
1.128549e-06
1.055897e-06
1.021668e-06
9.636284e-07
9.007923e-07
9.810475e-07
9.551959e-07
9.210022e-07
8.844022e-07
8.459424e-07
7.825717e-07
8.792149e-07
8.347487e-07
8.054267e-07
7.847623e-07
7.377807e-07
6.844972e-07
7.865724e-07
7.438689e-07
7.104262e-07
6.790312e-07
6.417784e-07
6.045611e-07
6.959995e-07
6.663962e-07
6.333449e-07
6.094779e-07
5.725086e-07
5.339341e-07
6.216530e-07
5.950146e-07
5.710925e-07
5.388554e-07
5.096865e-07
4.834410e-07
5.707690e-07
5.430146e-07
5.131886e-07
4.784938e-07
4.548568e-07
4.394270e-07
5.079321e-07
4.927140e-07
4.627661e-07
4.277403e-07
4.127891e-07
3.930585e-07
4.701430e-07
4.461744e-07
4.228868e-07
3.943470e-07
3.736480e-07
3.583248e-07
4.331762e-07
4.095986e-07
3.841545e-07
3.579715e-07
3.399889e-07
3.232479e-07
3.981839e-07
3.789959e-07
3.568486e-07
3.285364e-07
3.130253e-07
2.960867e-07
3.728422e-07
3.484620e-07
3.291255e-07
3.041953e-07
2.864758e-07
2.727609e-07
3.473212e-07
3.222449e-07
3.010409e-07
2.800497e-07
2.636548e-07
2.506493e-07
