1.423742e-06
1.509944e-06
1.361544e-06
1.402381e-06
1.294158e-06
1.297846e-06
9.202956e-07
8.740351e-07
8.582005e-07
8.345702e-07
7.836735e-07
7.780926e-07
6.158688e-07
6.160534e-07
5.992310e-07
5.866882e-07
5.597601e-07
5.235545e-07
4.659030e-07
4.420128e-07
4.237811e-07
4.189728e-07
3.984984e-07
3.776363e-07
3.559624e-07
3.494639e-07
3.268942e-07
3.167935e-07
2.970339e-07
2.757364e-07
2.881461e-07
2.722401e-07
2.615071e-07
2.396576e-07
2.278466e-07
2.098929e-07
2.250301e-07
2.134265e-07
2.035503e-07
1.989320e-07
1.898026e-07
1.692636e-07
1.883878e-07
1.761260e-07
1.695640e-07
1.621466e-07
1.491290e-07
1.434711e-07
1.555276e-07
1.468900e-07
1.431174e-07
1.324745e-07
1.271704e-07
1.185123e-07
1.339333e-07
1.250311e-07
1.169203e-07
1.091082e-07
1.039436e-07
1.002729e-07
