1.311805e+03
1.232313e+03
1.171175e+03
9.900198e+02
9.361804e+02
9.489101e+02
1.971946e+03
1.835691e+03
1.643002e+03
1.550104e+03
1.329715e+03
1.338217e+03
2.617964e+03
2.452639e+03
2.266027e+03
1.931114e+03
2.015282e+03
1.781016e+03
3.766551e+03
3.533650e+03
3.009770e+03
2.513621e+03
2.398731e+03
2.296301e+03
5.028357e+03
4.319291e+03
3.703750e+03
3.615225e+03
3.231594e+03
2.728324e+03
6.842516e+03
5.582898e+03
4.623760e+03
4.034036e+03
3.482101e+03
3.149075e+03
8.087253e+03
6.259136e+03
5.868196e+03
4.648772e+03
4.197668e+03
3.922920e+03
1.024040e+04
7.791518e+03
6.341010e+03
5.503123e+03
4.738925e+03
4.282216e+03
1.143149e+04
8.647360e+03
7.620289e+03
5.993340e+03
5.670740e+03
4.836957e+03
1.334849e+04
1.046961e+04
8.548611e+03
7.169001e+03
6.142755e+03
5.509154e+03
