4.506006e-06
4.348367e-06
4.317807e-06
4.282984e-06
3.994350e-06
3.999440e-06
3.412828e-06
3.233629e-06
3.248521e-06
3.148442e-06
3.028654e-06
3.006886e-06
2.674636e-06
2.576842e-06
2.547988e-06
2.513579e-06
2.427817e-06
2.324500e-06
2.160092e-06
2.120612e-06
2.049077e-06
2.023154e-06
1.948397e-06
1.849389e-06
1.809758e-06
1.725005e-06
1.689076e-06
1.642647e-06
1.562775e-06
1.523319e-06
1.502018e-06
1.470300e-06
1.443854e-06
1.406179e-06
1.347084e-06
1.267047e-06
1.284629e-06
1.246406e-06
1.254841e-06
1.191441e-06
1.113297e-06
1.082030e-06
1.137651e-06
1.085762e-06
1.054758e-06
1.024831e-06
9.656067e-07
9.389072e-07
9.828489e-07
9.626514e-07
9.207905e-07
8.789960e-07
8.374568e-07
7.977925e-07
8.825269e-07
8.448624e-07
8.111217e-07
7.699150e-07
7.267024e-07
6.851652e-07
7.894246e-07
7.518119e-07
7.087161e-07
6.790634e-07
6.440070e-07
6.022271e-07
7.070028e-07
6.619059e-07
6.401243e-07
6.002586e-07
5.765041e-07
5.351087e-07
6.336990e-07
5.951930e-07
5.772076e-07
5.439220e-07
5.160099e-07
4.803784e-07
5.712444e-07
5.485945e-07
5.178803e-07
4.897257e-07
4.686322e-07
4.388372e-07
5.224470e-07
4.959969e-07
4.694220e-07
4.428501e-07
4.237519e-07
3.964578e-07
4.753586e-07
4.532563e-07
4.327009e-07
4.029481e-07
3.778304e-07
3.555621e-07
4.360802e-07
4.170083e-07
3.906830e-07
3.684117e-07
3.441169e-07
3.270509e-07
4.004453e-07
3.784423e-07
3.606188e-07
3.359784e-07
3.123385e-07
2.974042e-07
3.708354e-07
3.465702e-07
3.269627e-07
3.061507e-07
2.890816e-07
2.697531e-07
3.403101e-07
3.181144e-07
2.994191e-07
2.826775e-07
2.638530e-07
2.465730e-07
