1.444959e-06
1.374431e-06
1.404508e-06
1.349153e-06
1.285955e-06
1.393229e-06
9.218233e-07
8.921805e-07
8.283506e-07
8.609171e-07
8.359937e-07
7.721797e-07
6.393575e-07
5.912037e-07
5.675806e-07
5.675158e-07
5.677439e-07
5.524760e-07
4.603407e-07
4.581136e-07
4.467946e-07
4.192771e-07
3.977949e-07
3.829688e-07
3.611922e-07
3.352613e-07
3.304785e-07
3.198566e-07
2.986945e-07
2.769457e-07
2.829951e-07
2.579169e-07
2.547505e-07
2.417222e-07
2.286141e-07
2.176608e-07
2.210120e-07
2.199204e-07
2.061167e-07
1.919675e-07
1.764152e-07
1.724194e-07
1.881865e-07
1.745006e-07
1.675650e-07
1.555898e-07
1.444225e-07
1.391619e-07
1.557750e-07
1.499376e-07
1.411540e-07
1.315918e-07
1.236738e-07
1.123951e-07
1.378814e-07
1.266259e-07
1.225337e-07
1.130673e-07
1.049825e-07
9.616278e-08
