1.577763e-06
1.523151e-06
1.482049e-06
1.372152e-06
1.400535e-06
1.368848e-06
9.283939e-07
9.036888e-07
8.886833e-07
8.132449e-07
8.541865e-07
8.207203e-07
6.204483e-07
5.839331e-07
5.930618e-07
5.615639e-07
5.412469e-07
5.424822e-07
4.677978e-07
4.415675e-07
4.338007e-07
3.920106e-07
3.965592e-07
3.806670e-07
3.477818e-07
3.408928e-07
3.244355e-07
3.048168e-07
2.896267e-07
2.839988e-07
2.784216e-07
2.675544e-07
2.534540e-07
2.399292e-07
2.228986e-07
2.175206e-07
2.291691e-07
2.209616e-07
2.043739e-07
1.999572e-07
1.778666e-07
1.794418e-07
1.899040e-07
1.742357e-07
1.665581e-07
1.617882e-07
1.470484e-07
1.412281e-07
1.636321e-07
1.506866e-07
1.446412e-07
1.336055e-07
1.255670e-07
1.163848e-07
1.329240e-07
1.250666e-07
1.201310e-07
1.125894e-07
1.053440e-07
1.004731e-07
