1.410491e-06
1.410126e-06
1.275235e-06
1.370625e-06
1.292324e-06
1.188320e-06
8.918824e-07
8.741004e-07
8.657293e-07
8.188152e-07
7.761942e-07
7.059059e-07
5.907598e-07
5.983646e-07
5.743824e-07
5.609990e-07
5.188354e-07
4.974849e-07
4.678669e-07
4.313267e-07
4.103914e-07
4.123448e-07
3.793411e-07
3.498386e-07
3.429480e-07
3.367300e-07
3.244250e-07
3.175885e-07
2.962245e-07
2.721624e-07
2.884419e-07
2.682071e-07
2.593916e-07
2.409485e-07
2.254507e-07
2.134557e-07
2.284489e-07
2.122280e-07
2.122301e-07
2.005952e-07
1.882278e-07
1.737296e-07
1.878351e-07
1.811303e-07
1.692375e-07
1.614216e-07
1.500317e-07
1.347104e-07
1.584823e-07
1.497942e-07
1.391115e-07
1.321910e-07
1.222415e-07
1.150463e-07
1.381176e-07
1.246819e-07
1.242932e-07
1.117374e-07
1.041148e-07
9.647190e-08
