1.148862e+03
1.253464e+03
9.949845e+02
1.092192e+03
9.993455e+02
1.007513e+03
1.838800e+03
1.841123e+03
1.727475e+03
1.640454e+03
1.564997e+03
1.363207e+03
3.149245e+03
2.592418e+03
2.556242e+03
2.160961e+03
2.001835e+03
1.804191e+03
4.059372e+03
3.684097e+03
3.008237e+03
2.726230e+03
2.638842e+03
2.283418e+03
5.011375e+03
4.702295e+03
3.728677e+03
3.814831e+03
3.036022e+03
2.778783e+03
6.645111e+03
5.524796e+03
4.936793e+03
4.179178e+03
3.621966e+03
3.277999e+03
7.961602e+03
6.435182e+03
5.633823e+03
4.794016e+03
4.429313e+03
3.795552e+03
9.001756e+03
7.489911e+03
6.299145e+03
5.398238e+03
4.788552e+03
4.195972e+03
1.059241e+04
8.535274e+03
7.420424e+03
6.190294e+03
5.437173e+03
4.970993e+03
1.185280e+04
9.538598e+03
8.152530e+03
6.894599e+03
6.139303e+03
5.503568e+03
