1.414300e-06
1.414857e-06
1.531975e-06
1.345746e-06
1.388149e-06
1.300626e-06
8.996763e-07
8.647348e-07
8.652214e-07
8.295885e-07
7.662623e-07
7.408387e-07
6.377425e-07
6.008994e-07
5.702481e-07
5.737159e-07
5.390223e-07
5.022457e-07
4.614450e-07
4.349135e-07
4.487703e-07
4.088335e-07
3.972577e-07
3.635651e-07
3.675805e-07
3.368146e-07
3.271396e-07
3.082781e-07
2.950162e-07
2.755732e-07
2.810264e-07
2.689514e-07
2.539689e-07
2.436511e-07
2.369039e-07
2.137079e-07
2.257699e-07
2.112700e-07
2.079631e-07
2.002811e-07
1.872224e-07
1.732098e-07
1.849500e-07
1.755883e-07
1.702810e-07
1.605163e-07
1.577398e-07
1.414304e-07
1.531181e-07
1.470749e-07
1.417002e-07
1.361574e-07
1.278698e-07
1.222324e-07
1.309048e-07
1.292733e-07
1.191946e-07
1.121012e-07
1.051916e-07
1.017067e-07
