4.423221e-06
4.344539e-06
4.279921e-06
4.131392e-06
4.053640e-06
3.875332e-06
3.389033e-06
3.309887e-06
3.209562e-06
3.108035e-06
3.069180e-06
2.917465e-06
2.684163e-06
2.605823e-06
2.517776e-06
2.486028e-06
2.441489e-06
2.346891e-06
2.141654e-06
2.148161e-06
2.054316e-06
2.009473e-06
1.967806e-06
1.908667e-06
1.817128e-06
1.793131e-06
1.708382e-06
1.667197e-06
1.608039e-06
1.587655e-06
1.543171e-06
1.509060e-06
1.448096e-06
1.390154e-06
1.337620e-06
1.300028e-06
1.305854e-06
1.261284e-06
1.230913e-06
1.200970e-06
1.142665e-06
1.108102e-06
1.128016e-06
1.101884e-06
1.060449e-06
1.039700e-06
9.797715e-07
9.365012e-07
9.979642e-07
9.592160e-07
9.119391e-07
8.761678e-07
8.612676e-07
8.063733e-07
8.928068e-07
8.520098e-07
8.014630e-07
7.663781e-07
7.535806e-07
7.057244e-07
7.849473e-07
7.569666e-07
7.104572e-07
6.896892e-07
6.606869e-07
6.163075e-07
6.995033e-07
6.696959e-07
6.282886e-07
6.065773e-07
5.734103e-07
5.481723e-07
6.241667e-07
6.080257e-07
5.787945e-07
5.474203e-07
5.137310e-07
4.877723e-07
5.655751e-07
5.441417e-07
5.217752e-07
4.894448e-07
4.592706e-07
4.315733e-07
5.140477e-07
4.933862e-07
4.691789e-07
4.426388e-07
4.151700e-07
3.906338e-07
4.701779e-07
4.533054e-07
4.242078e-07
4.045841e-07
3.755651e-07
3.520684e-07
4.337305e-07
4.131188e-07
3.857730e-07
3.669991e-07
3.430671e-07
3.214179e-07
4.033792e-07
3.763952e-07
3.562191e-07
3.365345e-07
3.156997e-07
2.951318e-07
3.725417e-07
3.486457e-07
3.257148e-07
3.085685e-07
2.875904e-07
2.700068e-07
3.440417e-07
3.209537e-07
3.030067e-07
2.843073e-07
2.600614e-07
2.451885e-07
