1.384887e-06
1.452894e-06
1.432241e-06
1.386685e-06
1.396905e-06
1.299820e-06
9.108005e-07
8.780796e-07
8.736359e-07
8.678759e-07
8.106505e-07
7.864220e-07
6.294851e-07
6.141910e-07
5.661854e-07
5.837074e-07
5.306752e-07
5.189179e-07
4.625353e-07
4.422651e-07
4.167215e-07
4.202361e-07
4.178923e-07
3.942527e-07
3.498072e-07
3.399299e-07
3.235729e-07
3.052540e-07
3.030305e-07
2.861313e-07
2.798458e-07
2.572053e-07
2.503917e-07
2.437188e-07
2.290308e-07
2.217366e-07
2.255201e-07
2.160334e-07
2.022306e-07
1.944844e-07
1.841037e-07
1.743497e-07
1.862663e-07
1.697539e-07
1.657894e-07
1.549915e-07
1.509087e-07
1.327216e-07
1.663882e-07
1.497268e-07
1.376941e-07
1.334968e-07
1.227728e-07
1.128676e-07
1.370557e-07
1.248761e-07
1.153200e-07
1.093402e-07
1.053241e-07
9.753433e-08
