1.255115e+03
1.304555e+03
1.097424e+03
1.014022e+03
9.843728e+02
9.548495e+02
2.162735e+03
1.889887e+03
1.661402e+03
1.642869e+03
1.355003e+03
1.385610e+03
3.086603e+03
2.755885e+03
2.353739e+03
2.249291e+03
1.998435e+03
1.883009e+03
3.749519e+03
3.294159e+03
3.076583e+03
2.838462e+03
2.678857e+03
2.129463e+03
5.262647e+03
4.798762e+03
3.921218e+03
3.314471e+03
3.062630e+03
2.969241e+03
6.666728e+03
5.267500e+03
4.411912e+03
3.945987e+03
3.969456e+03
3.655590e+03
7.810920e+03
7.120307e+03
5.510100e+03
4.840096e+03
4.411298e+03
4.159327e+03
1.000235e+04
7.831701e+03
6.405791e+03
5.544310e+03
4.934171e+03
4.838565e+03
1.090689e+04
8.989171e+03
7.362933e+03
6.358432e+03
5.796709e+03
5.245270e+03
1.305170e+04
1.032835e+04
8.655766e+03
7.113552e+03
6.611525e+03
5.769559e+03
