4.579089e-06
4.477643e-06
4.242167e-06
4.242684e-06
3.989503e-06
3.844874e-06
3.434160e-06
3.380135e-06
3.276934e-06
3.200988e-06
3.009609e-06
2.880131e-06
2.726854e-06
2.594404e-06
2.597922e-06
2.531960e-06
2.438273e-06
2.240403e-06
2.184942e-06
2.088286e-06
2.122023e-06
2.033039e-06
1.979955e-06
1.859663e-06
1.805495e-06
1.750969e-06
1.748266e-06
1.681496e-06
1.616664e-06
1.526250e-06
1.495985e-06
1.497961e-06
1.464867e-06
1.385327e-06
1.367334e-06
1.280430e-06
1.308914e-06
1.292902e-06
1.264149e-06
1.182010e-06
1.151112e-06
1.101310e-06
1.136137e-06
1.117170e-06
1.067786e-06
1.017722e-06
9.882179e-07
9.478975e-07
9.907809e-07
9.599572e-07
9.261806e-07
8.751653e-07
8.485898e-07
7.981550e-07
8.716517e-07
8.415482e-07
7.963616e-07
7.591362e-07
7.360513e-07
6.899810e-07
7.751268e-07
7.414120e-07
7.096022e-07
6.674610e-07
6.452091e-07
6.141959e-07
6.858761e-07
6.682900e-07
6.358607e-07
5.949313e-07
5.751270e-07
5.482518e-07
6.242285e-07
6.116882e-07
5.792725e-07
5.422660e-07
5.065655e-07
4.843414e-07
5.578578e-07
5.419671e-07
5.147394e-07
4.862156e-07
4.592072e-07
4.373703e-07
5.062502e-07
4.977768e-07
4.740089e-07
4.359964e-07
4.092180e-07
3.932588e-07
4.761185e-07
4.590199e-07
4.194598e-07
3.993493e-07
3.743686e-07
3.554191e-07
4.347073e-07
4.109068e-07
3.855866e-07
3.609352e-07
3.424628e-07
3.213058e-07
4.062581e-07
3.856548e-07
3.492567e-07
3.326304e-07
3.119579e-07
2.979854e-07
3.731448e-07
3.494281e-07
3.204133e-07
3.055107e-07
2.904158e-07
2.706260e-07
3.450823e-07
3.207774e-07
2.995597e-07
2.809884e-07
2.614500e-07
2.515043e-07
