1.480702e-06
1.482213e-06
1.444653e-06
1.421482e-06
1.370182e-06
1.282333e-06
8.827822e-07
9.094916e-07
8.843301e-07
8.475571e-07
8.234155e-07
7.288886e-07
6.211641e-07
5.697334e-07
5.984402e-07
5.828629e-07
5.666378e-07
5.644863e-07
4.455316e-07
4.484389e-07
4.175082e-07
4.187123e-07
4.019574e-07
3.908934e-07
3.372948e-07
3.294873e-07
3.137906e-07
3.003960e-07
3.165087e-07
2.860068e-07
2.544076e-07
2.566484e-07
2.447518e-07
2.379898e-07
2.331052e-07
2.171150e-07
2.139567e-07
2.091181e-07
1.940718e-07
1.881495e-07
1.907833e-07
1.758310e-07
1.756571e-07
1.654323e-07
1.703417e-07
1.565669e-07
1.551308e-07
1.383107e-07
1.535006e-07
1.482075e-07
1.364866e-07
1.357970e-07
1.288898e-07
1.146444e-07
1.348967e-07
1.251967e-07
1.210299e-07
1.129953e-07
1.075112e-07
9.964880e-08
