1.233616e+03
1.299949e+03
1.104696e+03
1.025128e+03
9.345244e+02
8.295763e+02
2.221711e+03
1.923985e+03
1.874652e+03
1.709747e+03
1.364590e+03
1.237822e+03
3.149657e+03
2.507795e+03
2.473783e+03
2.205003e+03
2.168312e+03
1.838443e+03
3.833566e+03
3.351874e+03
3.229321e+03
2.789603e+03
2.548608e+03
2.094788e+03
4.882888e+03
4.203941e+03
3.893007e+03
3.431930e+03
2.979632e+03
2.877468e+03
5.829686e+03
5.325329e+03
4.596575e+03
4.125352e+03
3.827420e+03
3.253692e+03
7.213991e+03
6.442556e+03
5.079110e+03
4.708550e+03
4.209416e+03
3.773442e+03
9.014684e+03
7.551997e+03
6.633406e+03
5.282177e+03
5.173466e+03
4.441532e+03
1.081074e+04
8.582140e+03
7.011227e+03
5.938197e+03
5.390776e+03
5.126167e+03
1.220925e+04
9.956829e+03
7.878263e+03
6.659078e+03
6.040375e+03
5.662182e+03
