1.182376e+03
1.265124e+03
1.223906e+03
1.137038e+03
1.055398e+03
9.750796e+02
2.117765e+03
1.964694e+03
1.827960e+03
1.623401e+03
1.375744e+03
1.423710e+03
2.943630e+03
2.568697e+03
2.597720e+03
2.311014e+03
2.092679e+03
1.886244e+03
3.878410e+03
3.446080e+03
3.156964e+03
2.821429e+03
2.699681e+03
2.421060e+03
4.866832e+03
4.122914e+03
3.705640e+03
3.488965e+03
3.506136e+03
3.016598e+03
6.543455e+03
5.711987e+03
4.646349e+03
4.069104e+03
3.695413e+03
3.279456e+03
7.722404e+03
6.713635e+03
5.461370e+03
4.734105e+03
4.148789e+03
3.668351e+03
8.737648e+03
7.642608e+03
6.726318e+03
5.587853e+03
4.762978e+03
4.367380e+03
1.047644e+04
9.042192e+03
7.808671e+03
6.327450e+03
5.424493e+03
5.024319e+03
1.334517e+04
1.039680e+04
8.745763e+03
6.765478e+03
5.871261e+03
5.305061e+03
