1.592661e-06
1.524507e-06
1.406037e-06
1.293019e-06
1.269344e-06
1.286437e-06
9.115016e-07
9.045940e-07
8.803710e-07
8.197539e-07
8.131397e-07
7.812553e-07
6.266522e-07
6.316511e-07
5.962628e-07
5.741120e-07
5.469851e-07
5.398370e-07
4.622988e-07
4.422403e-07
4.084710e-07
4.054137e-07
3.839805e-07
3.620559e-07
3.429880e-07
3.293933e-07
3.175750e-07
2.930008e-07
2.860584e-07
2.678919e-07
2.721112e-07
2.645600e-07
2.492735e-07
2.392545e-07
2.175334e-07
2.087374e-07
2.259299e-07
2.150971e-07
2.010106e-07
1.940380e-07
1.807827e-07
1.696735e-07
1.892255e-07
1.753544e-07
1.642248e-07
1.546010e-07
1.532959e-07
1.407988e-07
1.532485e-07
1.489637e-07
1.390967e-07
1.289123e-07
1.263692e-07
1.142944e-07
1.348045e-07
1.203409e-07
1.171603e-07
1.101584e-07
9.940955e-08
1.019361e-07
