4.481561e-08
4.378380e-08
4.286790e-08
4.173295e-08
4.047480e-08
3.889805e-08
3.417509e-08
3.343035e-08
3.272748e-08
3.180274e-08
3.070841e-08
2.958333e-08
2.704140e-08
2.636521e-08
2.570948e-08
2.505798e-08
2.417248e-08
2.318216e-08
2.185365e-08
2.138217e-08
2.079026e-08
2.018661e-08
1.947648e-08
1.860290e-08
1.815285e-08
1.769585e-08
1.717257e-08
1.661211e-08
1.599790e-08
1.525548e-08
1.533553e-08
1.487709e-08
1.441354e-08
1.391941e-08
1.337494e-08
1.274153e-08
1.310396e-08
1.272347e-08
1.227990e-08
1.184688e-08
1.134069e-08
1.080418e-08
1.135090e-08
1.099295e-08
1.057360e-08
1.016939e-08
9.723857e-09
9.232997e-09
9.935168e-09
9.584755e-09
9.205179e-09
8.814310e-09
8.418161e-09
7.959709e-09
8.765317e-09
8.412321e-09
8.071808e-09
7.696987e-09
7.339075e-09
6.940414e-09
7.788251e-09
7.463060e-09
7.147007e-09
6.777797e-09
6.461864e-09
6.099867e-09
6.968469e-09
6.681514e-09
6.371688e-09
6.034903e-09
5.723781e-09
5.400800e-09
6.265872e-09
5.994438e-09
5.706124e-09
5.403789e-09
5.105096e-09
4.819659e-09
5.693570e-09
5.421605e-09
5.140922e-09
4.845598e-09
4.584813e-09
4.326828e-09
5.177050e-09
4.931036e-09
4.657273e-09
4.387302e-09
4.140737e-09
3.902027e-09
4.733697e-09
4.494346e-09
4.232360e-09
3.982964e-09
3.758161e-09
3.535960e-09
4.353217e-09
4.116216e-09
3.868360e-09
3.631318e-09
3.425614e-09
3.217231e-09
4.011732e-09
3.781458e-09
3.548539e-09
3.325527e-09
3.134558e-09
2.947906e-09
3.713772e-09
3.488617e-09
3.262285e-09
3.056812e-09
2.879023e-09
2.704874e-09
3.441323e-09
3.224725e-09
3.016188e-09
2.817689e-09
2.653918e-09
2.501525e-09
