1.568198e-06
1.367882e-06
1.415465e-06
1.375438e-06
1.339647e-06
1.298167e-06
9.035326e-07
8.673196e-07
8.338916e-07
8.034973e-07
7.689509e-07
7.497271e-07
5.965546e-07
5.916386e-07
5.936194e-07
5.608597e-07
5.221758e-07
4.934470e-07
4.721524e-07
4.420631e-07
4.215863e-07
4.116369e-07
3.675069e-07
3.552104e-07
3.638447e-07
3.300532e-07
3.123042e-07
3.102123e-07
2.974021e-07
2.714653e-07
2.873064e-07
2.602539e-07
2.565729e-07
2.407375e-07
2.200521e-07
2.154671e-07
2.280469e-07
2.135281e-07
2.010207e-07
1.890862e-07
1.835632e-07
1.677311e-07
1.883398e-07
1.735202e-07
1.685118e-07
1.581144e-07
1.473520e-07
1.394062e-07
1.546223e-07
1.517202e-07
1.372063e-07
1.287641e-07
1.268894e-07
1.128487e-07
1.326602e-07
1.283425e-07
1.151775e-07
1.114765e-07
1.059929e-07
9.801884e-08
