4.585703e-06
4.454575e-06
4.225034e-06
4.103419e-06
4.019024e-06
3.882431e-06
3.441174e-06
3.286580e-06
3.234490e-06
3.097792e-06
3.050489e-06
2.954166e-06
2.717910e-06
2.608438e-06
2.565094e-06
2.504600e-06
2.400659e-06
2.346405e-06
2.191149e-06
2.141833e-06
2.080071e-06
2.034031e-06
1.976011e-06
1.894683e-06
1.815444e-06
1.786607e-06
1.722456e-06
1.637626e-06
1.638031e-06
1.531213e-06
1.533519e-06
1.481764e-06
1.447729e-06
1.392591e-06
1.343339e-06
1.285704e-06
1.308889e-06
1.313970e-06
1.241749e-06
1.166201e-06
1.133308e-06
1.084993e-06
1.147453e-06
1.113924e-06
1.066826e-06
1.031860e-06
9.648141e-07
9.320666e-07
1.005704e-06
9.664923e-07
9.205401e-07
8.766964e-07
8.335956e-07
7.882135e-07
8.853864e-07
8.419959e-07
8.140434e-07
7.668788e-07
7.315158e-07
6.757925e-07
7.836126e-07
7.370930e-07
7.095958e-07
6.739949e-07
6.473562e-07
6.060287e-07
6.926350e-07
6.660894e-07
6.374562e-07
6.110639e-07
5.693702e-07
5.368197e-07
6.314665e-07
5.953893e-07
5.635037e-07
5.447981e-07
5.133989e-07
4.779322e-07
5.751768e-07
5.375806e-07
5.125555e-07
4.894891e-07
4.614095e-07
4.363343e-07
5.130755e-07
4.910368e-07
4.627723e-07
4.340948e-07
4.140085e-07
3.896807e-07
4.757973e-07
4.439720e-07
4.257724e-07
3.921745e-07
3.751012e-07
3.484173e-07
4.367275e-07
4.063127e-07
3.882987e-07
3.634299e-07
3.399407e-07
3.188508e-07
4.008559e-07
3.763230e-07
3.539795e-07
3.332879e-07
3.173095e-07
2.941756e-07
3.747868e-07
3.497105e-07
3.288532e-07
3.107158e-07
2.888345e-07
2.735609e-07
3.415119e-07
3.257588e-07
3.038551e-07
2.832630e-07
2.683606e-07
2.526496e-07
