1.413811e-06
1.375863e-06
1.359798e-06
1.407831e-06
1.304142e-06
1.300587e-06
9.169528e-07
8.765878e-07
8.434157e-07
8.585373e-07
7.960052e-07
7.400191e-07
6.452855e-07
6.023922e-07
5.787092e-07
5.398614e-07
5.379396e-07
5.072262e-07
4.511731e-07
4.427627e-07
4.259071e-07
4.228534e-07
3.942044e-07
3.723191e-07
3.426432e-07
3.540969e-07
3.246038e-07
3.109572e-07
3.023623e-07
2.666519e-07
2.692540e-07
2.699447e-07
2.573259e-07
2.382991e-07
2.261724e-07
2.070896e-07
2.156724e-07
2.153373e-07
2.048701e-07
1.893451e-07
1.805261e-07
1.669173e-07
1.815619e-07
1.780684e-07
1.672096e-07
1.584502e-07
1.506747e-07
1.330425e-07
1.543552e-07
1.466739e-07
1.418190e-07
1.349007e-07
1.232681e-07
1.174359e-07
1.352732e-07
1.265905e-07
1.144732e-07
1.093970e-07
1.057772e-07
9.973809e-08
