1.465780e-06
1.413111e-06
1.408232e-06
1.406048e-06
1.312791e-06
1.319208e-06
9.363240e-07
9.054599e-07
8.467128e-07
8.522475e-07
8.687030e-07
8.059719e-07
6.190296e-07
6.004466e-07
6.048411e-07
5.974404e-07
5.367398e-07
5.479598e-07
4.616295e-07
4.724088e-07
4.261779e-07
4.272419e-07
4.151234e-07
3.815262e-07
3.565320e-07
3.504626e-07
3.253550e-07
3.178990e-07
3.087083e-07
2.859647e-07
2.665068e-07
2.640918e-07
2.488406e-07
2.477276e-07
2.381641e-07
2.149200e-07
2.111170e-07
2.117316e-07
2.044315e-07
1.914805e-07
1.870033e-07
1.709639e-07
1.813501e-07
1.831519e-07
1.701822e-07
1.583342e-07
1.485598e-07
1.381644e-07
1.498037e-07
1.538102e-07
1.459732e-07
1.306828e-07
1.230441e-07
1.157939e-07
1.348748e-07
1.322213e-07
1.235663e-07
1.153519e-07
1.039090e-07
9.633815e-08
