4.456543e-06
4.419834e-06
4.279608e-06
4.123897e-06
4.022815e-06
3.931521e-06
3.422152e-06
3.353489e-06
3.272463e-06
3.189375e-06
3.061142e-06
2.972804e-06
2.721670e-06
2.652559e-06
2.574119e-06
2.522365e-06
2.455176e-06
2.321865e-06
2.176291e-06
2.126916e-06
2.032658e-06
2.037201e-06
1.957998e-06
1.867368e-06
1.796507e-06
1.789570e-06
1.705271e-06
1.673247e-06
1.581914e-06
1.538860e-06
1.520609e-06
1.491413e-06
1.447197e-06
1.400755e-06
1.334018e-06
1.277139e-06
1.293501e-06
1.285480e-06
1.240684e-06
1.198548e-06
1.139214e-06
1.093308e-06
1.131678e-06
1.110394e-06
1.087618e-06
1.040858e-06
9.804948e-07
9.451905e-07
9.896411e-07
9.523387e-07
9.339818e-07
9.048133e-07
8.548842e-07
8.055287e-07
8.808451e-07
8.488146e-07
8.018622e-07
7.802565e-07
7.503469e-07
7.083124e-07
7.720105e-07
7.503226e-07
7.176231e-07
6.850959e-07
6.627899e-07
6.186385e-07
6.965736e-07
6.719752e-07
6.363718e-07
6.143701e-07
5.858254e-07
5.467420e-07
6.243298e-07
6.055500e-07
5.744894e-07
5.305984e-07
5.211789e-07
4.780201e-07
5.670635e-07
5.425627e-07
5.189817e-07
4.770083e-07
4.631484e-07
4.343396e-07
5.149911e-07
4.919649e-07
4.650987e-07
4.284105e-07
4.169698e-07
3.906875e-07
4.697508e-07
4.492505e-07
4.267801e-07
3.890063e-07
3.749623e-07
3.519061e-07
4.374055e-07
4.123048e-07
3.942550e-07
3.630961e-07
3.407711e-07
3.203019e-07
3.990500e-07
3.734811e-07
3.599312e-07
3.306667e-07
3.110107e-07
2.966685e-07
3.631087e-07
3.448770e-07
3.296061e-07
3.065108e-07
2.849937e-07
2.703168e-07
3.448599e-07
3.186695e-07
3.030961e-07
2.850419e-07
2.654730e-07
2.507509e-07
