1.516223e-06
1.381159e-06
1.485053e-06
1.507336e-06
1.272377e-06
1.244009e-06
9.613685e-07
8.721851e-07
9.034096e-07
8.179904e-07
7.887960e-07
7.289531e-07
6.311405e-07
6.327204e-07
5.898683e-07
5.490054e-07
5.220577e-07
4.974715e-07
4.717483e-07
4.656804e-07
4.531270e-07
4.258451e-07
3.698067e-07
3.635480e-07
3.385485e-07
3.348638e-07
3.261012e-07
3.188804e-07
2.816176e-07
2.754040e-07
2.873249e-07
2.599568e-07
2.588368e-07
2.410402e-07
2.224832e-07
2.189770e-07
2.236311e-07
2.164832e-07
1.973793e-07
1.946855e-07
1.812238e-07
1.709929e-07
1.839961e-07
1.796162e-07
1.624895e-07
1.561395e-07
1.459623e-07
1.363419e-07
1.619448e-07
1.508099e-07
1.386064e-07
1.307782e-07
1.238118e-07
1.149548e-07
1.399842e-07
1.270675e-07
1.207270e-07
1.091995e-07
1.072119e-07
9.888267e-08
