4.366045e-06
4.349679e-06
4.298158e-06
4.092667e-06
3.977692e-06
3.884017e-06
3.419666e-06
3.378560e-06
3.310412e-06
3.128893e-06
3.054183e-06
2.932407e-06
2.663952e-06
2.679445e-06
2.542211e-06
2.479761e-06
2.374496e-06
2.287059e-06
2.220511e-06
2.168143e-06
2.079494e-06
2.020344e-06
1.941690e-06
1.824396e-06
1.832168e-06
1.800662e-06
1.694855e-06
1.667318e-06
1.594161e-06
1.510558e-06
1.540349e-06
1.512023e-06
1.428020e-06
1.404845e-06
1.339360e-06
1.275755e-06
1.319446e-06
1.269067e-06
1.222325e-06
1.191246e-06
1.129237e-06
1.073024e-06
1.154602e-06
1.088824e-06
1.044144e-06
1.008569e-06
9.933657e-07
9.284862e-07
9.885249e-07
9.715234e-07
9.156278e-07
8.849711e-07
8.503587e-07
8.003834e-07
8.920750e-07
8.347456e-07
8.018515e-07
7.728935e-07
7.440724e-07
6.947337e-07
7.822890e-07
7.363424e-07
7.132568e-07
6.783403e-07
6.613562e-07
6.038948e-07
7.042117e-07
6.599560e-07
6.363689e-07
5.940531e-07
5.800336e-07
5.364877e-07
6.322933e-07
6.055651e-07
5.716843e-07
5.357372e-07
5.116027e-07
4.794019e-07
5.813240e-07
5.373287e-07
5.173407e-07
4.772577e-07
4.526602e-07
4.308908e-07
5.201730e-07
4.977419e-07
4.633394e-07
4.332469e-07
4.119626e-07
3.885548e-07
4.863585e-07
4.547722e-07
4.214834e-07
3.976926e-07
3.774384e-07
3.467513e-07
4.411054e-07
4.199903e-07
3.865578e-07
3.609834e-07
3.432735e-07
3.182095e-07
4.066879e-07
3.749601e-07
3.523765e-07
3.338196e-07
3.173352e-07
2.924753e-07
3.714533e-07
3.465354e-07
3.260079e-07
3.072741e-07
2.876644e-07
2.707228e-07
3.458107e-07
3.211258e-07
2.976784e-07
2.865433e-07
2.661360e-07
2.524193e-07
