1.418449e-06
1.431674e-06
1.368941e-06
1.371938e-06
1.380429e-06
1.304117e-06
9.087142e-07
9.111077e-07
8.584599e-07
8.296470e-07
8.265544e-07
7.778684e-07
6.121303e-07
5.930194e-07
5.776488e-07
5.804797e-07
5.595586e-07
5.193088e-07
4.492131e-07
4.573575e-07
4.440081e-07
4.038955e-07
3.891462e-07
3.774523e-07
3.608325e-07
3.495028e-07
3.349332e-07
3.152041e-07
3.037179e-07
2.902989e-07
2.850570e-07
2.763657e-07
2.611588e-07
2.394972e-07
2.342791e-07
2.213104e-07
2.145941e-07
2.153701e-07
2.099430e-07
1.911614e-07
1.820086e-07
1.727877e-07
1.832598e-07
1.757957e-07
1.705076e-07
1.563034e-07
1.494916e-07
1.442470e-07
1.568735e-07
1.420857e-07
1.369754e-07
1.323991e-07
1.196038e-07
1.171686e-07
1.337271e-07
1.263903e-07
1.149954e-07
1.108494e-07
1.024750e-07
9.658761e-08
