1.435359e-06
1.351035e-06
1.333961e-06
1.364346e-06
1.273229e-06
1.201849e-06
9.076409e-07
8.678755e-07
8.620284e-07
8.067912e-07
7.877409e-07
7.605317e-07
6.338128e-07
6.156571e-07
6.078311e-07
5.820811e-07
5.352770e-07
5.082485e-07
4.601507e-07
4.267311e-07
4.368905e-07
4.013894e-07
3.921363e-07
3.772522e-07
3.451067e-07
3.356161e-07
3.362504e-07
3.129795e-07
2.930141e-07
2.851629e-07
2.758750e-07
2.744440e-07
2.532564e-07
2.331636e-07
2.196522e-07
2.157260e-07
2.199131e-07
2.172322e-07
2.046201e-07
1.937831e-07
1.771945e-07
1.771674e-07
1.874900e-07
1.769458e-07
1.656453e-07
1.532399e-07
1.475257e-07
1.452040e-07
1.543708e-07
1.507852e-07
1.374993e-07
1.299167e-07
1.200076e-07
1.185741e-07
1.329912e-07
1.247042e-07
1.176207e-07
1.115885e-07
1.047867e-07
1.014146e-07
