4.418305e-06
4.421043e-06
4.290597e-06
4.124577e-06
4.026322e-06
3.817342e-06
3.465888e-06
3.383221e-06
3.257213e-06
3.172359e-06
3.088903e-06
2.994454e-06
2.715994e-06
2.651984e-06
2.513522e-06
2.485920e-06
2.426800e-06
2.288830e-06
2.203350e-06
2.113207e-06
2.053269e-06
2.015934e-06
1.972195e-06
1.800789e-06
1.814090e-06
1.767769e-06
1.702658e-06
1.698142e-06
1.588249e-06
1.490040e-06
1.568684e-06
1.508396e-06
1.430631e-06
1.400968e-06
1.326403e-06
1.255819e-06
1.344958e-06
1.256626e-06
1.214436e-06
1.176225e-06
1.127799e-06
1.053913e-06
1.157700e-06
1.109470e-06
1.075806e-06
1.008019e-06
9.820504e-07
9.118351e-07
9.792116e-07
9.594645e-07
9.259711e-07
8.826765e-07
8.401586e-07
7.921608e-07
8.760630e-07
8.500758e-07
8.218297e-07
7.724569e-07
7.232058e-07
6.932389e-07
7.859299e-07
7.406691e-07
7.264243e-07
6.791284e-07
6.360757e-07
6.137896e-07
6.931852e-07
6.629031e-07
6.329618e-07
6.121963e-07
5.632184e-07
5.546103e-07
6.355504e-07
5.934465e-07
5.772332e-07
5.456451e-07
5.057145e-07
4.857905e-07
5.694047e-07
5.444637e-07
5.156063e-07
4.925102e-07
4.632724e-07
4.414449e-07
5.179031e-07
4.912032e-07
4.691342e-07
4.385138e-07
4.138868e-07
3.922545e-07
4.770763e-07
4.438297e-07
4.210734e-07
3.944108e-07
3.730703e-07
3.498732e-07
4.400023e-07
4.113902e-07
3.877940e-07
3.607796e-07
3.398292e-07
3.189391e-07
4.112916e-07
3.836666e-07
3.550221e-07
3.308712e-07
3.118073e-07
2.955356e-07
3.774982e-07
3.500951e-07
3.290353e-07
3.055582e-07
2.847882e-07
2.730532e-07
3.461230e-07
3.236991e-07
3.044823e-07
2.834126e-07
2.649503e-07
2.499858e-07
