1.408200e-06
1.442282e-06
1.380099e-06
1.383997e-06
1.317229e-06
1.346901e-06
9.062908e-07
8.895200e-07
9.132423e-07
8.160952e-07
7.960836e-07
7.850029e-07
6.351778e-07
6.343936e-07
5.709967e-07
5.667205e-07
5.533291e-07
5.152417e-07
4.477901e-07
4.524538e-07
4.115775e-07
3.999736e-07
3.875691e-07
3.687768e-07
3.681374e-07
3.261486e-07
3.272735e-07
3.048177e-07
2.876282e-07
2.769527e-07
2.795754e-07
2.678223e-07
2.497251e-07
2.323381e-07
2.179165e-07
2.163340e-07
2.318036e-07
2.104319e-07
1.983437e-07
1.957850e-07
1.796057e-07
1.745820e-07
1.831158e-07
1.791750e-07
1.628188e-07
1.506073e-07
1.486976e-07
1.438288e-07
1.563412e-07
1.457914e-07
1.461277e-07
1.295462e-07
1.206130e-07
1.181477e-07
1.343069e-07
1.245727e-07
1.229005e-07
1.105148e-07
1.021167e-07
1.004599e-07
