1.512141e-06
1.411003e-06
1.453588e-06
1.300918e-06
1.256556e-06
1.153442e-06
8.701493e-07
8.566521e-07
8.813280e-07
7.960059e-07
8.135117e-07
7.624458e-07
6.535235e-07
5.829301e-07
5.801187e-07
5.544573e-07
5.342853e-07
4.975229e-07
4.839574e-07
4.300317e-07
4.164637e-07
4.041002e-07
4.003568e-07
3.713438e-07
3.448326e-07
3.420552e-07
3.043693e-07
2.971117e-07
2.876853e-07
2.803688e-07
2.909116e-07
2.686634e-07
2.527685e-07
2.324765e-07
2.214814e-07
2.147662e-07
2.327328e-07
2.094943e-07
2.056441e-07
1.943567e-07
1.839031e-07
1.750621e-07
1.898588e-07
1.754414e-07
1.641112e-07
1.575768e-07
1.496399e-07
1.437772e-07
1.643338e-07
1.442201e-07
1.419901e-07
1.354095e-07
1.267520e-07
1.158226e-07
1.333983e-07
1.227735e-07
1.145396e-07
1.155949e-07
1.088101e-07
1.001363e-07
