1.452731e-06
1.494158e-06
1.443208e-06
1.330606e-06
1.322410e-06
1.246318e-06
9.055825e-07
9.175503e-07
8.928248e-07
8.710083e-07
8.280015e-07
7.615319e-07
6.389401e-07
5.888566e-07
5.986825e-07
5.665720e-07
5.600112e-07
5.328743e-07
4.609716e-07
4.439148e-07
4.466778e-07
4.130579e-07
4.104846e-07
3.828453e-07
3.459714e-07
3.376108e-07
3.374000e-07
3.226812e-07
2.887489e-07
2.917071e-07
2.733419e-07
2.682145e-07
2.655820e-07
2.399098e-07
2.269311e-07
2.222779e-07
2.279357e-07
2.138270e-07
2.068962e-07
1.906155e-07
1.867413e-07
1.733702e-07
1.819207e-07
1.813362e-07
1.700043e-07
1.569743e-07
1.498017e-07
1.365289e-07
1.576378e-07
1.502003e-07
1.425299e-07
1.367722e-07
1.293493e-07
1.177697e-07
1.314511e-07
1.272058e-07
1.182235e-07
1.137957e-07
1.082155e-07
1.006135e-07
