4.429956e-06
4.489887e-06
4.363215e-06
4.268807e-06
4.096291e-06
3.963304e-06
3.423331e-06
3.390724e-06
3.301643e-06
3.172410e-06
3.033183e-06
2.994999e-06
2.745327e-06
2.663959e-06
2.551902e-06
2.535585e-06
2.464137e-06
2.423940e-06
2.191516e-06
2.148312e-06
2.087329e-06
2.089467e-06
1.982298e-06
1.908712e-06
1.825881e-06
1.784441e-06
1.729796e-06
1.687006e-06
1.616566e-06
1.546962e-06
1.532033e-06
1.473695e-06
1.440339e-06
1.416906e-06
1.343516e-06
1.290377e-06
1.290850e-06
1.283112e-06
1.223582e-06
1.183618e-06
1.151361e-06
1.087508e-06
1.122326e-06
1.096249e-06
1.063051e-06
1.021441e-06
9.901302e-07
9.353179e-07
9.781058e-07
9.830031e-07
9.378407e-07
8.722947e-07
8.583353e-07
8.103214e-07
8.602963e-07
8.374953e-07
7.971423e-07
7.669816e-07
7.465008e-07
6.966283e-07
7.677104e-07
7.407005e-07
7.078915e-07
6.642424e-07
6.525195e-07
6.132577e-07
6.832033e-07
6.659868e-07
6.343205e-07
5.923714e-07
5.733405e-07
5.415340e-07
6.233427e-07
5.956342e-07
5.717632e-07
5.250672e-07
5.082962e-07
4.806320e-07
5.715366e-07
5.428026e-07
5.112994e-07
4.809624e-07
4.551504e-07
4.358201e-07
5.196599e-07
4.911696e-07
4.619741e-07
4.394011e-07
4.156924e-07
3.913726e-07
4.753503e-07
4.486063e-07
4.164180e-07
4.016939e-07
3.778499e-07
3.537385e-07
4.309964e-07
4.111819e-07
3.858802e-07
3.631550e-07
3.451503e-07
3.241726e-07
3.978742e-07
3.737380e-07
3.509267e-07
3.319231e-07
3.089390e-07
2.949912e-07
3.720282e-07
3.436099e-07
3.249978e-07
3.040586e-07
2.872788e-07
2.655262e-07
3.502883e-07
3.221742e-07
2.995116e-07
2.773591e-07
2.660576e-07
2.476810e-07
