4.538641e-06
4.380269e-06
4.298852e-06
4.107514e-06
4.070579e-06
3.882296e-06
3.433721e-06
3.400183e-06
3.343853e-06
3.222025e-06
3.139885e-06
2.990331e-06
2.712165e-06
2.605970e-06
2.599012e-06
2.489161e-06
2.396541e-06
2.333153e-06
2.245490e-06
2.124793e-06
2.068974e-06
2.037588e-06
1.925256e-06
1.874673e-06
1.811103e-06
1.776384e-06
1.721966e-06
1.651748e-06
1.575107e-06
1.529020e-06
1.538552e-06
1.492573e-06
1.441011e-06
1.406869e-06
1.328255e-06
1.281045e-06
1.312890e-06
1.275518e-06
1.203501e-06
1.202388e-06
1.134111e-06
1.093548e-06
1.136296e-06
1.089848e-06
1.036337e-06
1.023125e-06
9.870168e-07
9.182108e-07
9.854885e-07
9.600622e-07
9.228832e-07
8.790350e-07
8.511231e-07
7.797236e-07
8.826432e-07
8.381880e-07
8.093938e-07
7.736292e-07
7.339280e-07
6.874617e-07
7.874120e-07
7.503313e-07
7.193010e-07
6.792055e-07
6.485271e-07
6.054481e-07
7.016945e-07
6.759865e-07
6.401751e-07
6.148844e-07
5.664925e-07
5.303720e-07
6.296924e-07
6.021335e-07
5.749185e-07
5.443618e-07
5.101101e-07
4.759640e-07
5.708502e-07
5.394838e-07
5.122394e-07
4.852331e-07
4.570134e-07
4.269491e-07
5.122819e-07
4.842216e-07
4.573311e-07
4.341283e-07
4.112516e-07
3.898290e-07
4.717810e-07
4.498256e-07
4.179414e-07
3.911655e-07
3.727469e-07
3.598816e-07
4.279386e-07
4.113923e-07
3.850537e-07
3.610259e-07
3.380477e-07
3.225845e-07
3.997410e-07
3.789417e-07
3.495073e-07
3.318721e-07
3.107475e-07
2.943495e-07
3.699404e-07
3.481458e-07
3.245892e-07
3.079080e-07
2.867509e-07
2.684863e-07
3.428612e-07
3.211659e-07
3.078268e-07
2.817478e-07
2.635744e-07
2.446716e-07
