1.513666e-06
1.457611e-06
1.368660e-06
1.297968e-06
1.320427e-06
1.261819e-06
8.826112e-07
8.600818e-07
8.530122e-07
8.819889e-07
7.960715e-07
7.934437e-07
6.168286e-07
6.232224e-07
6.158087e-07
6.036148e-07
5.401057e-07
5.436977e-07
4.667397e-07
4.520576e-07
4.323675e-07
4.143437e-07
4.011324e-07
3.726644e-07
3.505019e-07
3.345682e-07
3.226897e-07
3.167903e-07
3.030394e-07
2.896402e-07
2.732736e-07
2.637472e-07
2.519846e-07
2.379881e-07
2.333491e-07
2.212460e-07
2.251085e-07
2.027458e-07
1.972641e-07
1.891155e-07
1.862780e-07
1.772583e-07
1.811432e-07
1.769546e-07
1.714542e-07
1.553682e-07
1.457243e-07
1.409377e-07
1.562757e-07
1.480142e-07
1.370672e-07
1.299761e-07
1.238942e-07
1.143254e-07
1.389827e-07
1.253043e-07
1.157777e-07
1.125246e-07
1.015556e-07
9.662380e-08
