1.521096e-06
1.446620e-06
1.382471e-06
1.325886e-06
1.269931e-06
1.270455e-06
9.547454e-07
9.072450e-07
8.988745e-07
8.346449e-07
7.730920e-07
7.361038e-07
6.475950e-07
6.047388e-07
6.037633e-07
5.598046e-07
5.171637e-07
5.407520e-07
4.474213e-07
4.530694e-07
4.448255e-07
4.238200e-07
3.921938e-07
3.977815e-07
3.515118e-07
3.394597e-07
3.297029e-07
3.165947e-07
2.888724e-07
2.911034e-07
2.795469e-07
2.683849e-07
2.689657e-07
2.455986e-07
2.245391e-07
2.205137e-07
2.249856e-07
2.169023e-07
2.036674e-07
1.994591e-07
1.902797e-07
1.746375e-07
1.848582e-07
1.740437e-07
1.690795e-07
1.589760e-07
1.474564e-07
1.407596e-07
1.565997e-07
1.471800e-07
1.390767e-07
1.302124e-07
1.209792e-07
1.113576e-07
1.369346e-07
1.296847e-07
1.188278e-07
1.104532e-07
9.922004e-08
9.773617e-08
