4.405702e-06
4.349207e-06
4.247028e-06
4.128350e-06
3.975949e-06
3.892820e-06
3.422254e-06
3.386096e-06
3.233640e-06
3.118962e-06
3.060259e-06
3.045435e-06
2.719187e-06
2.635877e-06
2.553148e-06
2.460008e-06
2.404281e-06
2.350132e-06
2.164972e-06
2.139796e-06
2.077644e-06
2.025005e-06
1.967933e-06
1.900023e-06
1.817009e-06
1.776523e-06
1.726338e-06
1.660984e-06
1.615654e-06
1.530637e-06
1.535159e-06
1.492545e-06
1.453356e-06
1.399253e-06
1.344538e-06
1.283894e-06
1.298852e-06
1.288478e-06
1.224719e-06
1.185643e-06
1.131879e-06
1.070266e-06
1.133073e-06
1.118368e-06
1.049056e-06
1.022574e-06
9.644788e-07
9.207559e-07
9.933315e-07
9.752877e-07
9.247677e-07
8.858469e-07
8.274662e-07
7.988086e-07
8.677154e-07
8.449144e-07
8.066793e-07
7.690879e-07
7.249669e-07
6.845148e-07
7.768115e-07
7.571096e-07
7.242308e-07
6.884351e-07
6.458361e-07
5.904598e-07
6.940379e-07
6.666043e-07
6.372412e-07
6.064729e-07
5.704513e-07
5.330852e-07
6.245829e-07
5.981079e-07
5.694710e-07
5.348369e-07
5.119565e-07
4.812099e-07
5.666399e-07
5.371429e-07
5.084655e-07
4.763001e-07
4.562737e-07
4.406649e-07
5.245203e-07
4.948163e-07
4.613441e-07
4.351637e-07
4.158653e-07
4.012975e-07
4.763939e-07
4.479635e-07
4.214248e-07
3.923255e-07
3.695719e-07
3.557091e-07
4.369764e-07
4.154800e-07
3.894489e-07
3.623941e-07
3.372664e-07
3.244997e-07
4.037732e-07
3.816288e-07
3.529511e-07
3.263375e-07
3.120377e-07
2.936240e-07
3.759403e-07
3.578742e-07
3.279704e-07
3.029995e-07
2.825803e-07
2.680760e-07
3.433125e-07
3.250591e-07
3.013243e-07
2.807391e-07
2.646891e-07
2.503451e-07
