1.514558e-06
1.406828e-06
1.474180e-06
1.460633e-06
1.392262e-06
1.320281e-06
9.025022e-07
8.582900e-07
9.021126e-07
8.702738e-07
7.813213e-07
7.576133e-07
6.197754e-07
5.947201e-07
5.931130e-07
5.776903e-07
5.626848e-07
5.360842e-07
4.749040e-07
4.453341e-07
4.057391e-07
4.133059e-07
4.028892e-07
3.780860e-07
3.509340e-07
3.429324e-07
3.266337e-07
3.073648e-07
2.977625e-07
2.905209e-07
2.856009e-07
2.716203e-07
2.470964e-07
2.297866e-07
2.270293e-07
2.216262e-07
2.275169e-07
2.138678e-07
2.006001e-07
1.998885e-07
1.796331e-07
1.705157e-07
1.799509e-07
1.762330e-07
1.697703e-07
1.616781e-07
1.523339e-07
1.417711e-07
1.593818e-07
1.464792e-07
1.418886e-07
1.342219e-07
1.274110e-07
1.161390e-07
1.324845e-07
1.253862e-07
1.159001e-07
1.125434e-07
1.097098e-07
9.819306e-08
