1.421563e-06
1.383058e-06
1.348696e-06
1.307557e-06
1.268083e-06
1.310903e-06
9.239838e-07
8.630415e-07
8.696337e-07
7.701232e-07
8.288367e-07
7.893967e-07
6.360432e-07
6.278821e-07
5.888477e-07
5.474819e-07
5.426408e-07
5.430838e-07
4.786388e-07
4.434676e-07
4.275679e-07
4.040733e-07
3.988092e-07
3.803356e-07
3.658234e-07
3.474434e-07
3.289104e-07
3.072993e-07
3.034645e-07
2.742201e-07
2.788507e-07
2.634360e-07
2.405853e-07
2.417906e-07
2.310340e-07
2.211982e-07
2.284368e-07
2.241938e-07
1.984264e-07
1.914893e-07
1.832162e-07
1.803377e-07
1.871548e-07
1.815084e-07
1.697657e-07
1.569882e-07
1.486338e-07
1.424667e-07
1.590250e-07
1.498168e-07
1.415798e-07
1.294874e-07
1.202263e-07
1.170649e-07
1.381774e-07
1.287275e-07
1.222009e-07
1.124496e-07
1.010605e-07
9.744497e-08
