1.069887e+03
1.136771e+03
1.140460e+03
9.492583e+02
9.641090e+02
8.755097e+02
1.732187e+03
1.741674e+03
1.714672e+03
1.523066e+03
1.386241e+03
1.393803e+03
2.952702e+03
2.433184e+03
2.215659e+03
2.235058e+03
2.038223e+03
1.759056e+03
3.638657e+03
3.639558e+03
3.284756e+03
3.012735e+03
2.482864e+03
2.232625e+03
5.228862e+03
4.539298e+03
3.905556e+03
3.507001e+03
3.128968e+03
2.698999e+03
6.323870e+03
5.699397e+03
4.699086e+03
4.409519e+03
3.719981e+03
3.497066e+03
7.709864e+03
6.574481e+03
5.805768e+03
4.919746e+03
4.275995e+03
3.888056e+03
9.090933e+03
7.973204e+03
6.359400e+03
5.804287e+03
5.002339e+03
4.640689e+03
1.021126e+04
8.590772e+03
7.501247e+03
6.334373e+03
5.805727e+03
5.201985e+03
1.241484e+04
1.053628e+04
8.514412e+03
7.098678e+03
6.204387e+03
5.702431e+03
