1.405528e-06
1.372134e-06
1.321333e-06
1.310466e-06
1.301103e-06
1.227117e-06
8.856295e-07
8.708697e-07
8.169166e-07
8.081406e-07
7.836247e-07
7.287813e-07
6.094877e-07
5.773471e-07
5.951913e-07
5.788496e-07
5.642047e-07
4.943645e-07
4.617748e-07
4.306930e-07
4.295991e-07
4.122649e-07
3.962980e-07
3.670041e-07
3.585744e-07
3.346210e-07
3.285504e-07
3.210318e-07
3.083940e-07
2.889714e-07
2.679329e-07
2.526865e-07
2.511095e-07
2.458282e-07
2.359460e-07
2.258102e-07
2.281621e-07
2.113465e-07
2.035043e-07
1.911883e-07
1.895452e-07
1.739540e-07
1.943506e-07
1.787283e-07
1.694924e-07
1.543656e-07
1.555994e-07
1.345443e-07
1.568267e-07
1.477783e-07
1.429580e-07
1.316925e-07
1.273921e-07
1.122895e-07
1.344211e-07
1.228385e-07
1.211153e-07
1.127677e-07
1.051067e-07
9.575975e-08
