1.403464e-06
1.447168e-06
1.385669e-06
1.336890e-06
1.354746e-06
1.249068e-06
9.157075e-07
8.740479e-07
8.652315e-07
8.145907e-07
8.580524e-07
7.590041e-07
6.015105e-07
5.746413e-07
5.533713e-07
5.612137e-07
5.237555e-07
5.194012e-07
4.774710e-07
4.391274e-07
3.995251e-07
4.250385e-07
3.974211e-07
3.780325e-07
3.585870e-07
3.367411e-07
3.154157e-07
3.074220e-07
3.028992e-07
2.684996e-07
2.860540e-07
2.655088e-07
2.471309e-07
2.322225e-07
2.293035e-07
2.133021e-07
2.231528e-07
2.165654e-07
1.999122e-07
1.871592e-07
1.861420e-07
1.676781e-07
1.863552e-07
1.749588e-07
1.661961e-07
1.597962e-07
1.444773e-07
1.401269e-07
1.566763e-07
1.499866e-07
1.404332e-07
1.304834e-07
1.207844e-07
1.152708e-07
1.351375e-07
1.271850e-07
1.169040e-07
1.095783e-07
1.049248e-07
9.394850e-08
