1.561544e-06
1.504951e-06
1.426790e-06
1.413035e-06
1.326841e-06
1.265806e-06
8.828967e-07
9.096975e-07
8.485344e-07
8.282364e-07
7.683260e-07
7.088595e-07
6.297494e-07
6.326069e-07
6.221061e-07
5.660256e-07
5.559966e-07
4.960676e-07
4.647127e-07
4.483974e-07
4.293202e-07
4.104658e-07
3.936600e-07
3.751549e-07
3.509903e-07
3.304248e-07
3.336117e-07
3.173279e-07
2.999859e-07
2.753617e-07
2.776422e-07
2.626638e-07
2.597122e-07
2.464787e-07
2.407561e-07
2.134541e-07
2.229985e-07
2.172769e-07
2.031436e-07
1.927326e-07
1.844423e-07
1.730525e-07
1.877667e-07
1.741454e-07
1.694648e-07
1.531489e-07
1.482409e-07
1.490282e-07
1.596234e-07
1.518976e-07
1.354600e-07
1.287379e-07
1.263250e-07
1.198868e-07
1.410122e-07
1.239534e-07
1.171228e-07
1.098446e-07
1.041494e-07
1.042952e-07
