4.390872e-06
4.362821e-06
4.360950e-06
4.184359e-06
3.981962e-06
3.854516e-06
3.443574e-06
3.333025e-06
3.287131e-06
3.117809e-06
3.023543e-06
2.881242e-06
2.720120e-06
2.673852e-06
2.629350e-06
2.509896e-06
2.378157e-06
2.299515e-06
2.171409e-06
2.170486e-06
2.101239e-06
2.009614e-06
1.927092e-06
1.854201e-06
1.781844e-06
1.770555e-06
1.751047e-06
1.706045e-06
1.585784e-06
1.530332e-06
1.532293e-06
1.483137e-06
1.452173e-06
1.399050e-06
1.341499e-06
1.299352e-06
1.289591e-06
1.251231e-06
1.226754e-06
1.199120e-06
1.148576e-06
1.087193e-06
1.116739e-06
1.084320e-06
1.061123e-06
1.027804e-06
9.674838e-07
9.090996e-07
9.888633e-07
9.466689e-07
9.264644e-07
8.921644e-07
8.478610e-07
7.918382e-07
8.707979e-07
8.241541e-07
7.975067e-07
7.822339e-07
7.423129e-07
7.019015e-07
7.835933e-07
7.498120e-07
7.055477e-07
6.762362e-07
6.502543e-07
6.100235e-07
7.014180e-07
6.620452e-07
6.366371e-07
6.090847e-07
5.709831e-07
5.417661e-07
6.310628e-07
5.967316e-07
5.754998e-07
5.459105e-07
5.069790e-07
4.795173e-07
5.785846e-07
5.371569e-07
5.150327e-07
4.871917e-07
4.592747e-07
4.297070e-07
5.259985e-07
4.937303e-07
4.651893e-07
4.423970e-07
4.127222e-07
3.847610e-07
4.742753e-07
4.526564e-07
4.333111e-07
4.029025e-07
3.766692e-07
3.540258e-07
4.327804e-07
4.169253e-07
3.910291e-07
3.651092e-07
3.480076e-07
3.174229e-07
4.053802e-07
3.870123e-07
3.599891e-07
3.326709e-07
3.112363e-07
2.958139e-07
3.713797e-07
3.568623e-07
3.314296e-07
3.054588e-07
2.863241e-07
2.696780e-07
3.489753e-07
3.250704e-07
3.010117e-07
2.823946e-07
2.640600e-07
2.500192e-07
