1.434167e-06
1.451006e-06
1.390976e-06
1.364922e-06
1.423512e-06
1.316665e-06
9.352932e-07
8.834137e-07
8.502712e-07
8.389120e-07
8.412251e-07
7.870566e-07
6.181955e-07
5.989526e-07
5.781262e-07
5.904141e-07
5.526593e-07
5.552948e-07
4.520979e-07
4.575971e-07
4.141073e-07
4.257189e-07
4.003006e-07
3.802996e-07
3.403495e-07
3.404877e-07
3.281758e-07
3.189269e-07
2.992298e-07
2.841860e-07
2.715328e-07
2.657681e-07
2.580164e-07
2.463738e-07
2.396457e-07
2.224261e-07
2.246785e-07
2.073009e-07
2.117517e-07
1.946216e-07
1.903759e-07
1.741721e-07
1.882695e-07
1.796169e-07
1.690915e-07
1.605474e-07
1.538836e-07
1.483493e-07
1.597227e-07
1.457297e-07
1.363101e-07
1.356429e-07
1.286083e-07
1.175811e-07
1.327373e-07
1.280145e-07
1.206971e-07
1.159848e-07
1.075678e-07
9.623695e-08
