1.034611e+03
1.272680e+03
9.925240e+02
1.023795e+03
1.002092e+03
8.281430e+02
2.099085e+03
1.881928e+03
1.879643e+03
1.621057e+03
1.532579e+03
1.266610e+03
2.798920e+03
2.286183e+03
2.492981e+03
2.081856e+03
1.985543e+03
1.873138e+03
4.218647e+03
3.345107e+03
3.237757e+03
2.945164e+03
2.772368e+03
2.598300e+03
5.065173e+03
4.519135e+03
3.816180e+03
3.266013e+03
3.362071e+03
2.757632e+03
6.143516e+03
5.340664e+03
4.669145e+03
4.481909e+03
3.849997e+03
3.339413e+03
7.848874e+03
6.186170e+03
5.746624e+03
5.047340e+03
4.424039e+03
3.912223e+03
8.875334e+03
7.123867e+03
6.375609e+03
5.479826e+03
5.312492e+03
4.349339e+03
1.077313e+04
8.698483e+03
7.488629e+03
6.148786e+03
5.771436e+03
4.941020e+03
1.177445e+04
1.019976e+04
8.181582e+03
7.532531e+03
6.298917e+03
5.323582e+03
