4.479770e-06
4.344827e-06
4.242233e-06
4.109761e-06
3.986319e-06
3.778764e-06
3.460446e-06
3.325607e-06
3.311872e-06
3.146863e-06
3.027064e-06
2.921973e-06
2.738152e-06
2.602951e-06
2.585418e-06
2.462213e-06
2.389634e-06
2.342260e-06
2.201653e-06
2.105527e-06
2.046825e-06
2.012389e-06
1.917011e-06
1.893805e-06
1.804428e-06
1.745965e-06
1.720414e-06
1.672112e-06
1.565969e-06
1.509009e-06
1.499439e-06
1.495523e-06
1.456430e-06
1.385739e-06
1.309919e-06
1.271969e-06
1.310757e-06
1.276382e-06
1.210698e-06
1.173402e-06
1.103607e-06
1.074603e-06
1.135065e-06
1.111497e-06
1.031677e-06
9.977989e-07
9.779210e-07
9.136606e-07
1.008035e-06
9.584767e-07
8.908754e-07
8.657403e-07
8.402344e-07
7.791791e-07
8.614827e-07
8.274061e-07
7.939706e-07
7.672613e-07
7.216914e-07
6.885405e-07
7.687571e-07
7.397698e-07
7.219054e-07
6.734062e-07
6.378404e-07
6.045045e-07
6.887167e-07
6.618715e-07
6.374465e-07
6.033448e-07
5.624371e-07
5.378643e-07
6.230270e-07
5.972277e-07
5.781283e-07
5.421880e-07
5.077708e-07
4.801140e-07
5.736845e-07
5.419037e-07
5.188012e-07
4.888728e-07
4.660385e-07
4.333569e-07
5.218256e-07
4.957615e-07
4.657167e-07
4.409209e-07
4.198009e-07
3.872804e-07
4.755133e-07
4.491074e-07
4.235823e-07
4.000495e-07
3.792427e-07
3.538719e-07
4.349140e-07
4.078299e-07
3.861457e-07
3.673346e-07
3.452370e-07
3.185146e-07
4.042646e-07
3.779950e-07
3.537948e-07
3.356753e-07
3.159546e-07
2.925207e-07
3.692046e-07
3.540875e-07
3.263877e-07
3.048255e-07
2.919123e-07
2.699711e-07
3.466990e-07
3.272813e-07
2.987314e-07
2.817744e-07
2.686282e-07
2.511918e-07
