1.460141e-06
1.388554e-06
1.398363e-06
1.337185e-06
1.348940e-06
1.295531e-06
9.177488e-07
9.191527e-07
8.649755e-07
8.183295e-07
8.490307e-07
8.532594e-07
6.237279e-07
5.866354e-07
5.713378e-07
5.490880e-07
5.606701e-07
5.242863e-07
4.735879e-07
4.422130e-07
4.037850e-07
3.935103e-07
3.932310e-07
3.651900e-07
3.567291e-07
3.301758e-07
3.135724e-07
2.976627e-07
3.002016e-07
2.892085e-07
2.819389e-07
2.697851e-07
2.486104e-07
2.465986e-07
2.319133e-07
2.085442e-07
2.285714e-07
2.138501e-07
2.025576e-07
1.912182e-07
1.903875e-07
1.625594e-07
1.853134e-07
1.821522e-07
1.666051e-07
1.542481e-07
1.503238e-07
1.310512e-07
1.559686e-07
1.497507e-07
1.371564e-07
1.328283e-07
1.231003e-07
1.116204e-07
1.287014e-07
1.272489e-07
1.167059e-07
1.137494e-07
1.068758e-07
9.928454e-08
