1.276964e-06
1.381223e-06
1.363029e-06
1.455397e-06
1.399051e-06
1.305730e-06
8.493904e-07
8.011710e-07
8.414129e-07
8.269301e-07
8.197662e-07
8.126783e-07
6.375751e-07
5.662774e-07
5.793012e-07
5.572326e-07
5.415124e-07
5.449987e-07
4.534126e-07
4.430903e-07
4.313789e-07
4.225382e-07
4.050914e-07
3.954600e-07
3.461552e-07
3.392712e-07
3.134235e-07
3.066673e-07
2.993841e-07
2.722857e-07
2.835002e-07
2.692199e-07
2.627728e-07
2.398023e-07
2.272284e-07
2.136387e-07
2.266764e-07
2.243415e-07
2.132069e-07
1.936817e-07
1.808244e-07
1.712786e-07
1.916126e-07
1.816445e-07
1.725437e-07
1.554318e-07
1.443576e-07
1.374091e-07
1.628926e-07
1.517934e-07
1.449872e-07
1.318725e-07
1.216172e-07
1.138650e-07
1.333089e-07
1.275341e-07
1.187791e-07
1.122481e-07
1.011978e-07
9.927885e-08
