1.472322e-06
1.470887e-06
1.383985e-06
1.300006e-06
1.283921e-06
1.240970e-06
8.978550e-07
8.955098e-07
8.371867e-07
8.139859e-07
8.029785e-07
7.736502e-07
5.886098e-07
5.978275e-07
5.936360e-07
5.802566e-07
5.422339e-07
5.086762e-07
4.656155e-07
4.598014e-07
4.145845e-07
4.053407e-07
3.913153e-07
3.640918e-07
3.354994e-07
3.390039e-07
3.204185e-07
3.099500e-07
2.891049e-07
2.795956e-07
2.673054e-07
2.541455e-07
2.603558e-07
2.447579e-07
2.311754e-07
2.140872e-07
2.131391e-07
2.063438e-07
1.952122e-07
1.936064e-07
1.861614e-07
1.744165e-07
1.822277e-07
1.760744e-07
1.665443e-07
1.537472e-07
1.501599e-07
1.448688e-07
1.536705e-07
1.470564e-07
1.388555e-07
1.339914e-07
1.310662e-07
1.211475e-07
1.369437e-07
1.295711e-07
1.166401e-07
1.136145e-07
1.088619e-07
1.004598e-07
