1.495780e-06
1.440304e-06
1.416855e-06
1.357949e-06
1.269133e-06
1.194707e-06
8.910546e-07
9.270264e-07
8.662369e-07
8.505665e-07
8.358289e-07
7.489943e-07
6.093426e-07
6.103164e-07
6.064718e-07
5.822750e-07
5.556695e-07
5.044271e-07
4.461207e-07
4.070896e-07
4.250369e-07
4.118471e-07
3.906350e-07
3.773465e-07
3.325903e-07
3.260867e-07
3.186657e-07
2.993633e-07
2.953371e-07
2.700913e-07
2.730021e-07
2.553493e-07
2.366150e-07
2.434995e-07
2.285562e-07
2.115900e-07
2.313847e-07
2.066602e-07
1.959672e-07
1.881843e-07
1.774771e-07
1.733234e-07
1.873125e-07
1.810990e-07
1.604606e-07
1.522385e-07
1.468769e-07
1.369294e-07
1.555916e-07
1.525148e-07
1.321686e-07
1.284516e-07
1.249562e-07
1.167388e-07
1.367893e-07
1.274810e-07
1.197187e-07
1.099975e-07
1.023324e-07
9.707822e-08
