1.471594e-06
1.425682e-06
1.390483e-06
1.448468e-06
1.332221e-06
1.224012e-06
9.412978e-07
8.857497e-07
8.957926e-07
8.227561e-07
8.216766e-07
7.334138e-07
5.965176e-07
6.200018e-07
5.989019e-07
6.083950e-07
5.524885e-07
5.128657e-07
4.648178e-07
4.568373e-07
4.440089e-07
4.243211e-07
3.801640e-07
3.600547e-07
3.424085e-07
3.415296e-07
3.204519e-07
3.078524e-07
2.781092e-07
2.755696e-07
2.696202e-07
2.557918e-07
2.482439e-07
2.475617e-07
2.343650e-07
2.196618e-07
2.184172e-07
2.108772e-07
2.003120e-07
1.932504e-07
1.785628e-07
1.748371e-07
1.865944e-07
1.729241e-07
1.687074e-07
1.586279e-07
1.532085e-07
1.455739e-07
1.611891e-07
1.453396e-07
1.320723e-07
1.369621e-07
1.228865e-07
1.196198e-07
1.384298e-07
1.251316e-07
1.194568e-07
1.083049e-07
1.028857e-07
1.002014e-07
