4.498805e-06
4.372809e-06
4.356728e-06
4.240562e-06
4.178983e-06
3.915632e-06
3.428585e-06
3.364427e-06
3.308337e-06
3.244888e-06
3.143324e-06
3.015894e-06
2.749810e-06
2.645386e-06
2.602007e-06
2.546647e-06
2.416020e-06
2.320354e-06
2.188552e-06
2.186526e-06
2.104521e-06
2.065145e-06
1.893248e-06
1.795159e-06
1.828034e-06
1.753105e-06
1.766327e-06
1.701058e-06
1.596713e-06
1.483811e-06
1.518874e-06
1.471244e-06
1.456998e-06
1.395974e-06
1.312574e-06
1.247601e-06
1.284999e-06
1.247629e-06
1.220404e-06
1.166450e-06
1.110076e-06
1.053862e-06
1.116255e-06
1.082771e-06
1.048767e-06
9.987006e-07
9.684271e-07
9.067227e-07
9.722619e-07
9.614541e-07
9.186124e-07
8.835424e-07
8.396708e-07
7.816955e-07
8.596137e-07
8.431456e-07
8.187157e-07
7.782579e-07
7.340068e-07
6.931481e-07
7.776478e-07
7.397725e-07
7.190077e-07
6.888025e-07
6.596566e-07
6.087795e-07
6.906852e-07
6.833092e-07
6.462352e-07
6.070723e-07
5.807754e-07
5.362321e-07
6.312417e-07
5.998455e-07
5.744549e-07
5.428303e-07
5.113943e-07
4.748121e-07
5.750058e-07
5.446227e-07
5.202220e-07
4.787226e-07
4.549427e-07
4.255132e-07
5.174448e-07
4.960581e-07
4.643274e-07
4.367434e-07
4.137448e-07
3.858160e-07
4.720058e-07
4.525778e-07
4.201801e-07
3.978258e-07
3.727402e-07
3.499689e-07
4.340488e-07
4.122496e-07
3.778892e-07
3.577121e-07
3.403137e-07
3.221986e-07
3.986513e-07
3.821506e-07
3.533817e-07
3.333652e-07
3.096223e-07
2.969461e-07
3.698827e-07
3.541373e-07
3.274968e-07
3.052370e-07
2.873942e-07
2.702691e-07
3.449331e-07
3.256714e-07
3.041822e-07
2.858765e-07
2.678611e-07
2.508311e-07
