1.587987e-06
1.475763e-06
1.322505e-06
1.367147e-06
1.314547e-06
1.389646e-06
9.011737e-07
8.433884e-07
8.702236e-07
8.337641e-07
7.914163e-07
7.896905e-07
5.921695e-07
6.326918e-07
5.938031e-07
5.779718e-07
5.462872e-07
5.427369e-07
4.491755e-07
4.493908e-07
4.432883e-07
4.105337e-07
3.991866e-07
3.737670e-07
3.562776e-07
3.412536e-07
3.245224e-07
3.188895e-07
2.873911e-07
2.849165e-07
2.820357e-07
2.634558e-07
2.517847e-07
2.411428e-07
2.319437e-07
2.079670e-07
2.279443e-07
2.178396e-07
1.973919e-07
1.882524e-07
1.824588e-07
1.642651e-07
1.975351e-07
1.796253e-07
1.617740e-07
1.499130e-07
1.456790e-07
1.337765e-07
1.611426e-07
1.522689e-07
1.317602e-07
1.269638e-07
1.243887e-07
1.148391e-07
1.425002e-07
1.260246e-07
1.169455e-07
1.068266e-07
1.032372e-07
9.544226e-08
