4.460121e-06
4.372528e-06
4.405417e-06
4.213048e-06
4.052997e-06
3.912349e-06
3.503765e-06
3.349365e-06
3.322199e-06
3.234404e-06
3.093169e-06
3.016874e-06
2.721799e-06
2.619005e-06
2.584160e-06
2.505276e-06
2.433251e-06
2.304682e-06
2.213570e-06
2.163855e-06
2.096944e-06
2.038623e-06
1.914758e-06
1.854735e-06
1.808172e-06
1.782340e-06
1.737533e-06
1.650285e-06
1.585761e-06
1.537764e-06
1.504595e-06
1.483688e-06
1.457714e-06
1.376951e-06
1.316177e-06
1.263416e-06
1.291373e-06
1.272387e-06
1.247490e-06
1.195376e-06
1.100398e-06
1.075917e-06
1.129930e-06
1.095511e-06
1.062815e-06
1.012574e-06
9.382122e-07
9.166734e-07
9.850387e-07
9.958123e-07
9.290754e-07
8.745818e-07
8.206626e-07
7.992769e-07
8.743102e-07
8.592131e-07
8.136670e-07
7.649496e-07
7.324327e-07
6.923747e-07
7.844466e-07
7.733380e-07
7.145705e-07
6.756177e-07
6.533998e-07
6.117521e-07
7.001308e-07
6.783594e-07
6.457587e-07
6.080179e-07
5.718688e-07
5.400677e-07
6.293411e-07
6.122855e-07
5.788353e-07
5.437889e-07
5.160035e-07
4.808761e-07
5.665332e-07
5.501816e-07
5.233591e-07
4.872509e-07
4.700379e-07
4.307705e-07
5.221389e-07
4.994772e-07
4.710588e-07
4.413691e-07
4.236714e-07
3.875593e-07
4.667524e-07
4.500954e-07
4.215463e-07
4.050558e-07
3.807147e-07
3.503628e-07
4.394349e-07
4.157700e-07
3.888724e-07
3.664201e-07
3.489332e-07
3.177457e-07
4.035332e-07
3.833562e-07
3.537711e-07
3.314608e-07
3.170014e-07
2.901734e-07
3.718881e-07
3.482710e-07
3.257586e-07
3.055939e-07
2.939288e-07
2.692659e-07
3.420398e-07
3.254941e-07
3.018587e-07
2.807640e-07
2.694031e-07
2.487044e-07
