1.464740e-06
1.493160e-06
1.479077e-06
1.344125e-06
1.303543e-06
1.221402e-06
8.872606e-07
8.708083e-07
8.557768e-07
8.094265e-07
8.438185e-07
7.586218e-07
6.060696e-07
5.881426e-07
5.892184e-07
5.743143e-07
5.549781e-07
5.063335e-07
4.552511e-07
4.473503e-07
4.299673e-07
4.011645e-07
4.149795e-07
3.730854e-07
3.586643e-07
3.539543e-07
3.147196e-07
3.045040e-07
2.990402e-07
2.720784e-07
2.743038e-07
2.605456e-07
2.546481e-07
2.394041e-07
2.384298e-07
2.053449e-07
2.231734e-07
2.184985e-07
1.971409e-07
1.958733e-07
1.882682e-07
1.695965e-07
1.921616e-07
1.700495e-07
1.663453e-07
1.601621e-07
1.463127e-07
1.392999e-07
1.586535e-07
1.484808e-07
1.400832e-07
1.312135e-07
1.247874e-07
1.136179e-07
1.315370e-07
1.238722e-07
1.219302e-07
1.097593e-07
1.013174e-07
9.681042e-08
