4.472840e-06
4.268219e-06
4.331298e-06
4.113533e-06
4.109680e-06
3.995108e-06
3.441151e-06
3.321511e-06
3.229265e-06
3.197711e-06
3.162225e-06
3.028121e-06
2.741253e-06
2.666228e-06
2.568274e-06
2.472894e-06
2.463210e-06
2.332786e-06
2.190623e-06
2.154076e-06
2.063219e-06
2.015669e-06
1.900528e-06
1.893867e-06
1.816651e-06
1.795450e-06
1.728975e-06
1.647470e-06
1.560314e-06
1.561443e-06
1.533240e-06
1.510387e-06
1.456907e-06
1.379130e-06
1.317882e-06
1.303455e-06
1.300435e-06
1.299848e-06
1.210855e-06
1.166396e-06
1.111369e-06
1.083948e-06
1.130801e-06
1.117498e-06
1.060769e-06
1.032387e-06
9.690147e-07
9.343689e-07
9.810955e-07
9.600028e-07
9.281244e-07
8.914496e-07
8.374481e-07
8.039979e-07
8.617946e-07
8.341518e-07
8.150843e-07
7.836895e-07
7.466208e-07
7.094537e-07
7.699096e-07
7.477709e-07
7.159545e-07
6.838422e-07
6.732182e-07
6.234888e-07
6.896554e-07
6.546450e-07
6.374307e-07
6.050154e-07
5.865284e-07
5.486211e-07
6.334011e-07
5.910809e-07
5.656663e-07
5.377345e-07
5.167552e-07
4.913785e-07
5.729742e-07
5.447388e-07
5.097569e-07
4.786505e-07
4.608000e-07
4.307070e-07
5.140596e-07
4.867966e-07
4.591985e-07
4.386637e-07
4.138509e-07
3.932901e-07
4.723184e-07
4.484672e-07
4.178243e-07
3.992472e-07
3.731088e-07
3.612654e-07
4.384005e-07
4.144405e-07
3.866338e-07
3.604899e-07
3.446011e-07
3.250638e-07
3.988921e-07
3.778296e-07
3.501185e-07
3.273458e-07
3.117117e-07
2.966983e-07
3.732663e-07
3.489716e-07
3.209831e-07
3.027744e-07
2.896012e-07
2.721115e-07
3.452532e-07
3.203665e-07
2.992488e-07
2.786714e-07
2.655718e-07
2.549563e-07
