1.426045e-06
1.408355e-06
1.360743e-06
1.407190e-06
1.289302e-06
1.267888e-06
9.348501e-07
8.960951e-07
8.462477e-07
8.499645e-07
8.228378e-07
8.018756e-07
6.092509e-07
6.044499e-07
5.798582e-07
5.772666e-07
5.471127e-07
5.624780e-07
4.717698e-07
4.300779e-07
4.272341e-07
4.284555e-07
3.885102e-07
3.932646e-07
3.363929e-07
3.208074e-07
3.211345e-07
3.250117e-07
2.986756e-07
2.917509e-07
2.783823e-07
2.611941e-07
2.551456e-07
2.365706e-07
2.318688e-07
2.171702e-07
2.262840e-07
2.004612e-07
2.076871e-07
2.018191e-07
1.837167e-07
1.709577e-07
1.805716e-07
1.777944e-07
1.760502e-07
1.621406e-07
1.463265e-07
1.350107e-07
1.617422e-07
1.485722e-07
1.407881e-07
1.329700e-07
1.235463e-07
1.146857e-07
1.326706e-07
1.275246e-07
1.202338e-07
1.102815e-07
1.034113e-07
9.718994e-08
