1.598248e-06
1.543790e-06
1.446834e-06
1.505339e-06
1.396029e-06
1.257402e-06
9.463373e-07
8.941611e-07
9.137855e-07
8.032068e-07
8.590524e-07
7.458321e-07
6.841929e-07
5.922802e-07
5.983803e-07
5.702633e-07
5.105469e-07
5.269189e-07
4.692106e-07
4.607861e-07
4.056632e-07
4.198304e-07
4.016166e-07
3.596585e-07
3.678790e-07
3.450500e-07
3.369731e-07
3.210190e-07
2.966412e-07
2.778164e-07
2.824538e-07
2.782529e-07
2.492123e-07
2.406187e-07
2.269366e-07
2.106420e-07
2.217752e-07
2.088537e-07
1.984101e-07
1.892090e-07
1.760425e-07
1.753494e-07
1.814129e-07
1.712422e-07
1.641078e-07
1.532883e-07
1.484389e-07
1.420980e-07
1.563284e-07
1.492559e-07
1.371586e-07
1.296919e-07
1.215938e-07
1.187792e-07
1.309275e-07
1.291802e-07
1.177384e-07
1.078690e-07
1.053279e-07
1.010946e-07
