1.313135e+03
1.247568e+03
1.130134e+03
1.004340e+03
1.008106e+03
9.165026e+02
2.049477e+03
1.804776e+03
1.784534e+03
1.570732e+03
1.471308e+03
1.444500e+03
2.967914e+03
2.441908e+03
2.428943e+03
2.264140e+03
1.952902e+03
1.887415e+03
3.666290e+03
3.216581e+03
2.910599e+03
2.810399e+03
2.625535e+03
2.428024e+03
5.122286e+03
4.287436e+03
4.003780e+03
3.667778e+03
3.356051e+03
3.029842e+03
6.066265e+03
5.434192e+03
4.743690e+03
4.328956e+03
3.682468e+03
3.426302e+03
7.743025e+03
6.694739e+03
5.726834e+03
5.010955e+03
4.237602e+03
3.789117e+03
9.265953e+03
7.429303e+03
7.112676e+03
5.578488e+03
4.883342e+03
4.268109e+03
1.038066e+04
9.129176e+03
7.459022e+03
6.339708e+03
5.687509e+03
4.772090e+03
1.300284e+04
9.808004e+03
8.433548e+03
7.490261e+03
6.233308e+03
5.521620e+03
