1.417494e-06
1.437726e-06
1.364654e-06
1.303859e-06
1.392872e-06
1.302625e-06
9.069003e-07
8.872628e-07
9.157710e-07
8.440711e-07
7.823200e-07
7.578669e-07
6.511944e-07
6.148418e-07
5.783387e-07
5.508033e-07
5.335580e-07
5.192603e-07
4.655255e-07
4.592769e-07
4.289114e-07
4.086425e-07
3.889997e-07
3.735670e-07
3.642474e-07
3.310426e-07
3.177273e-07
2.927019e-07
2.912228e-07
2.752116e-07
2.856194e-07
2.781286e-07
2.555883e-07
2.396910e-07
2.171395e-07
2.129682e-07
2.341952e-07
2.213935e-07
2.009265e-07
1.900605e-07
1.808475e-07
1.777440e-07
1.920401e-07
1.804306e-07
1.673103e-07
1.629125e-07
1.500172e-07
1.452589e-07
1.563787e-07
1.503235e-07
1.371218e-07
1.318797e-07
1.221461e-07
1.177358e-07
1.338269e-07
1.280766e-07
1.197209e-07
1.116286e-07
1.073315e-07
1.003314e-07
