4.482796e-06
4.271188e-06
4.384391e-06
4.318995e-06
4.082245e-06
3.976897e-06
3.362881e-06
3.290522e-06
3.366091e-06
3.247936e-06
3.129595e-06
2.945617e-06
2.661753e-06
2.660835e-06
2.638501e-06
2.518797e-06
2.446524e-06
2.311486e-06
2.207222e-06
2.148751e-06
2.122060e-06
2.031618e-06
1.898087e-06
1.828446e-06
1.815179e-06
1.782204e-06
1.720616e-06
1.651623e-06
1.615232e-06
1.499710e-06
1.525939e-06
1.463566e-06
1.435612e-06
1.383472e-06
1.343059e-06
1.270249e-06
1.312899e-06
1.274693e-06
1.203128e-06
1.156093e-06
1.141100e-06
1.088215e-06
1.130253e-06
1.101180e-06
1.062477e-06
1.006821e-06
9.693583e-07
9.213565e-07
1.014544e-06
9.545377e-07
9.118458e-07
8.783999e-07
8.460502e-07
8.236890e-07
8.858077e-07
8.417349e-07
7.889926e-07
7.646563e-07
7.285965e-07
7.102885e-07
7.684285e-07
7.468123e-07
7.118036e-07
6.796626e-07
6.477404e-07
6.233142e-07
6.937371e-07
6.652442e-07
6.328142e-07
6.097708e-07
5.710349e-07
5.539836e-07
6.278327e-07
5.972428e-07
5.687077e-07
5.464240e-07
5.174120e-07
4.890042e-07
5.720705e-07
5.443614e-07
5.157447e-07
4.814282e-07
4.614396e-07
4.385359e-07
5.219306e-07
4.906905e-07
4.659785e-07
4.323538e-07
4.138618e-07
3.965652e-07
4.831478e-07
4.526175e-07
4.267207e-07
4.005165e-07
3.770786e-07
3.559581e-07
4.436042e-07
4.106351e-07
3.915928e-07
3.657234e-07
3.449369e-07
3.234171e-07
4.045636e-07
3.763752e-07
3.559849e-07
3.313764e-07
3.129090e-07
3.014034e-07
3.756955e-07
3.478411e-07
3.251568e-07
3.056470e-07
2.868551e-07
2.763202e-07
3.479968e-07
3.215867e-07
3.011898e-07
2.828901e-07
2.642610e-07
2.510283e-07
