4.642398e-06
4.546978e-06
4.383100e-06
4.241458e-06
4.061158e-06
3.811648e-06
3.459621e-06
3.327685e-06
3.245834e-06
3.182830e-06
3.060658e-06
2.922734e-06
2.775741e-06
2.641030e-06
2.559055e-06
2.532359e-06
2.414741e-06
2.287066e-06
2.229974e-06
2.153279e-06
2.075816e-06
1.997006e-06
1.925781e-06
1.863495e-06
1.820681e-06
1.766458e-06
1.743159e-06
1.632797e-06
1.575979e-06
1.535527e-06
1.538071e-06
1.504699e-06
1.442875e-06
1.375757e-06
1.322614e-06
1.267550e-06
1.297805e-06
1.268161e-06
1.221774e-06
1.191954e-06
1.127034e-06
1.069347e-06
1.123185e-06
1.087299e-06
1.063701e-06
1.014113e-06
9.698042e-07
9.348467e-07
9.935003e-07
9.644293e-07
9.175904e-07
8.870805e-07
8.391686e-07
8.018756e-07
8.824506e-07
8.535638e-07
8.198035e-07
7.873644e-07
7.258263e-07
7.077173e-07
7.897045e-07
7.649317e-07
7.277878e-07
6.811551e-07
6.417460e-07
6.114061e-07
7.006589e-07
6.844081e-07
6.475676e-07
6.067198e-07
5.792538e-07
5.431907e-07
6.326278e-07
6.046535e-07
5.687164e-07
5.365391e-07
5.143125e-07
4.916146e-07
5.822270e-07
5.497399e-07
5.193041e-07
4.836555e-07
4.550129e-07
4.391284e-07
5.138393e-07
5.015507e-07
4.646482e-07
4.450841e-07
4.141348e-07
3.980925e-07
4.710620e-07
4.553454e-07
4.201972e-07
3.973940e-07
3.774797e-07
3.552255e-07
4.395106e-07
4.141393e-07
3.868061e-07
3.593144e-07
3.409218e-07
3.216820e-07
4.009648e-07
3.850603e-07
3.497744e-07
3.296142e-07
3.164663e-07
2.943916e-07
3.756066e-07
3.486344e-07
3.207995e-07
3.053461e-07
2.845824e-07
2.703553e-07
3.466019e-07
3.254863e-07
2.969189e-07
2.791394e-07
2.645162e-07
2.503426e-07
