4.448703e-06
4.359884e-06
4.172679e-06
4.149734e-06
3.970847e-06
3.895382e-06
3.498519e-06
3.313187e-06
3.272657e-06
3.176899e-06
3.070316e-06
2.948918e-06
2.696872e-06
2.659142e-06
2.563883e-06
2.525168e-06
2.424091e-06
2.335114e-06
2.197223e-06
2.162946e-06
2.083811e-06
2.043467e-06
1.938414e-06
1.875040e-06
1.794018e-06
1.783560e-06
1.670174e-06
1.677816e-06
1.625009e-06
1.552476e-06
1.532762e-06
1.500576e-06
1.452521e-06
1.379472e-06
1.343616e-06
1.282222e-06
1.304403e-06
1.294034e-06
1.244277e-06
1.203027e-06
1.119536e-06
1.064002e-06
1.146129e-06
1.109678e-06
1.057147e-06
1.010604e-06
9.589144e-07
8.955981e-07
1.006383e-06
9.610629e-07
9.278977e-07
8.673661e-07
8.178816e-07
7.856749e-07
8.653505e-07
8.447841e-07
8.005602e-07
7.699745e-07
7.244582e-07
6.863166e-07
7.655438e-07
7.403010e-07
7.115192e-07
6.719187e-07
6.274992e-07
6.075826e-07
6.933332e-07
6.639160e-07
6.293478e-07
5.979192e-07
5.649660e-07
5.370611e-07
6.184466e-07
5.929040e-07
5.682786e-07
5.334149e-07
5.125779e-07
4.816835e-07
5.619131e-07
5.454338e-07
5.141797e-07
4.845901e-07
4.574613e-07
4.334686e-07
5.148760e-07
4.985557e-07
4.727345e-07
4.428717e-07
4.122262e-07
3.966039e-07
4.715223e-07
4.477147e-07
4.303221e-07
4.050515e-07
3.701424e-07
3.557256e-07
4.289567e-07
4.129047e-07
3.933612e-07
3.680614e-07
3.452828e-07
3.245428e-07
3.994513e-07
3.751217e-07
3.573395e-07
3.329251e-07
3.166565e-07
2.958979e-07
3.666387e-07
3.494478e-07
3.282748e-07
3.027984e-07
2.921677e-07
2.708127e-07
3.405228e-07
3.229577e-07
2.986215e-07
2.824960e-07
2.728042e-07
2.492570e-07
