1.527506e-06
1.428815e-06
1.444748e-06
1.397857e-06
1.295674e-06
1.266345e-06
9.030925e-07
8.868479e-07
8.355910e-07
8.321637e-07
7.835301e-07
7.881742e-07
6.146848e-07
5.671983e-07
5.937017e-07
5.886868e-07
5.324332e-07
5.142698e-07
4.579834e-07
4.533793e-07
4.311570e-07
4.131501e-07
3.979636e-07
3.736987e-07
3.483646e-07
3.203878e-07
3.243588e-07
3.105703e-07
2.920767e-07
2.748685e-07
2.865752e-07
2.611868e-07
2.486063e-07
2.417661e-07
2.196846e-07
2.162689e-07
2.276718e-07
2.103874e-07
1.999797e-07
1.903971e-07
1.755571e-07
1.730773e-07
1.863527e-07
1.769658e-07
1.627853e-07
1.597665e-07
1.487683e-07
1.454119e-07
1.600215e-07
1.464401e-07
1.402600e-07
1.301176e-07
1.216936e-07
1.171582e-07
1.339615e-07
1.244248e-07
1.147938e-07
1.108717e-07
1.047496e-07
1.006962e-07
