1.563942e-06
1.446127e-06
1.440616e-06
1.366221e-06
1.367296e-06
1.304064e-06
9.104516e-07
8.667010e-07
8.791528e-07
8.016936e-07
8.135163e-07
7.708514e-07
5.985989e-07
6.020867e-07
5.871227e-07
5.763036e-07
5.582230e-07
5.389089e-07
4.474627e-07
4.357560e-07
4.021247e-07
4.085937e-07
4.145461e-07
3.777688e-07
3.495673e-07
3.259356e-07
3.139633e-07
3.101287e-07
2.970558e-07
2.821290e-07
2.740254e-07
2.751154e-07
2.482038e-07
2.370693e-07
2.311171e-07
2.272029e-07
2.260318e-07
2.177274e-07
1.983817e-07
1.831063e-07
1.851310e-07
1.763724e-07
1.940432e-07
1.795329e-07
1.710940e-07
1.551455e-07
1.504205e-07
1.440247e-07
1.632187e-07
1.492454e-07
1.405163e-07
1.256916e-07
1.205085e-07
1.187007e-07
1.385648e-07
1.253370e-07
1.137679e-07
1.108227e-07
1.072625e-07
1.008947e-07
