1.486925e-06
1.463253e-06
1.353348e-06
1.351723e-06
1.428723e-06
1.349409e-06
8.981739e-07
8.881155e-07
8.918077e-07
8.506055e-07
8.292102e-07
7.596380e-07
6.468803e-07
5.785086e-07
5.633885e-07
5.681757e-07
5.436413e-07
5.199945e-07
4.630581e-07
4.415417e-07
4.330333e-07
4.147604e-07
3.891323e-07
3.802584e-07
3.492354e-07
3.364067e-07
3.033951e-07
2.920879e-07
2.899957e-07
2.837074e-07
2.797989e-07
2.678290e-07
2.533567e-07
2.306678e-07
2.284544e-07
2.187314e-07
2.137949e-07
2.166355e-07
1.964045e-07
1.756994e-07
1.777581e-07
1.739025e-07
1.816634e-07
1.812546e-07
1.584579e-07
1.552738e-07
1.462181e-07
1.374670e-07
1.585710e-07
1.488125e-07
1.365687e-07
1.289593e-07
1.189836e-07
1.129344e-07
1.377576e-07
1.262582e-07
1.185179e-07
1.092044e-07
9.949752e-08
9.670060e-08
