1.488963e-06
1.411457e-06
1.440270e-06
1.348050e-06
1.340824e-06
1.342005e-06
8.667158e-07
8.696655e-07
8.653761e-07
8.586601e-07
8.241340e-07
7.805100e-07
6.277322e-07
5.986911e-07
5.893783e-07
5.937240e-07
5.685847e-07
5.193217e-07
4.703269e-07
4.496318e-07
4.097441e-07
4.157713e-07
3.931823e-07
3.738526e-07
3.509997e-07
3.493876e-07
3.206392e-07
3.136507e-07
2.985560e-07
2.891382e-07
2.755328e-07
2.666817e-07
2.543035e-07
2.423232e-07
2.215440e-07
2.240172e-07
2.248301e-07
2.183174e-07
2.036994e-07
1.980310e-07
1.798822e-07
1.826961e-07
1.834536e-07
1.738361e-07
1.672602e-07
1.594471e-07
1.488654e-07
1.421105e-07
1.540788e-07
1.451981e-07
1.376199e-07
1.315609e-07
1.216014e-07
1.162732e-07
1.314032e-07
1.279688e-07
1.183341e-07
1.100871e-07
1.072203e-07
9.963294e-08
