1.503963e-06
1.406194e-06
1.415901e-06
1.335615e-06
1.334369e-06
1.265711e-06
9.381172e-07
9.151015e-07
8.462450e-07
8.070280e-07
7.917812e-07
7.451034e-07
6.080209e-07
5.732245e-07
5.638386e-07
5.413475e-07
5.326776e-07
4.924775e-07
4.790913e-07
4.398734e-07
4.196994e-07
3.968683e-07
3.912488e-07
3.650152e-07
3.593844e-07
3.246015e-07
3.119199e-07
2.978657e-07
2.853278e-07
2.621003e-07
2.813306e-07
2.592049e-07
2.537309e-07
2.360979e-07
2.250987e-07
2.116629e-07
2.192441e-07
2.113905e-07
1.975859e-07
1.820824e-07
1.776893e-07
1.710895e-07
1.867471e-07
1.692418e-07
1.679245e-07
1.529209e-07
1.479640e-07
1.420536e-07
1.522402e-07
1.419106e-07
1.379062e-07
1.278038e-07
1.243721e-07
1.215792e-07
1.295390e-07
1.234531e-07
1.182464e-07
1.125731e-07
1.073719e-07
1.036432e-07
