1.498596e-06
1.493132e-06
1.471345e-06
1.460253e-06
1.335024e-06
1.280943e-06
9.450583e-07
9.337581e-07
8.705613e-07
8.090088e-07
8.114227e-07
8.268526e-07
6.634183e-07
6.191258e-07
5.986353e-07
5.782607e-07
5.479681e-07
5.263592e-07
4.411538e-07
4.474533e-07
4.422250e-07
4.064297e-07
3.883437e-07
3.856618e-07
3.463211e-07
3.269074e-07
3.228275e-07
3.051671e-07
2.820072e-07
2.962505e-07
2.734591e-07
2.641465e-07
2.525543e-07
2.428360e-07
2.244034e-07
2.087217e-07
2.210563e-07
2.056822e-07
2.047860e-07
1.897031e-07
1.780193e-07
1.699531e-07
1.824292e-07
1.802959e-07
1.690842e-07
1.586386e-07
1.488464e-07
1.379283e-07
1.591190e-07
1.478401e-07
1.413807e-07
1.266038e-07
1.232618e-07
1.148104e-07
1.337639e-07
1.272246e-07
1.139557e-07
1.084589e-07
1.064579e-07
9.859703e-08
