1.197744e+03
1.354663e+03
1.248954e+03
9.481193e+02
9.424023e+02
8.872686e+02
2.362829e+03
1.872860e+03
1.673097e+03
1.606987e+03
1.450217e+03
1.441805e+03
2.964639e+03
2.506864e+03
2.496596e+03
2.196336e+03
2.066399e+03
1.742071e+03
4.108458e+03
3.326160e+03
3.334686e+03
2.962052e+03
2.646354e+03
2.451879e+03
4.403133e+03
4.292851e+03
4.184207e+03
3.480672e+03
3.414859e+03
2.894984e+03
6.268433e+03
5.040596e+03
4.674014e+03
4.020409e+03
3.656330e+03
3.247974e+03
7.857774e+03
6.753300e+03
5.622651e+03
4.840932e+03
4.498580e+03
3.858710e+03
9.419274e+03
7.091138e+03
6.623096e+03
5.802248e+03
4.835459e+03
4.568512e+03
1.044380e+04
8.504846e+03
7.666013e+03
6.405248e+03
5.749418e+03
5.131664e+03
1.240328e+04
1.008319e+04
8.325549e+03
7.034637e+03
6.250046e+03
5.782650e+03
