1.431336e-06
1.429493e-06
1.371318e-06
1.431070e-06
1.336681e-06
1.318982e-06
9.385420e-07
8.438677e-07
8.587041e-07
8.047276e-07
8.011503e-07
7.426624e-07
6.429641e-07
6.006378e-07
5.812097e-07
5.840571e-07
5.498098e-07
4.944293e-07
4.499059e-07
4.460333e-07
4.276908e-07
4.083793e-07
3.876016e-07
3.644168e-07
3.343055e-07
3.334288e-07
3.227079e-07
2.982221e-07
2.984725e-07
2.634516e-07
2.642518e-07
2.622286e-07
2.605463e-07
2.433088e-07
2.343018e-07
2.207678e-07
2.154098e-07
2.185719e-07
2.006346e-07
2.002697e-07
1.909470e-07
1.736779e-07
1.859929e-07
1.718264e-07
1.627386e-07
1.612433e-07
1.474753e-07
1.410261e-07
1.534914e-07
1.456232e-07
1.389190e-07
1.330031e-07
1.233995e-07
1.153755e-07
1.329246e-07
1.262447e-07
1.184675e-07
1.103398e-07
1.025695e-07
9.831379e-08
