1.455731e-06
1.548476e-06
1.519428e-06
1.343829e-06
1.271113e-06
1.202671e-06
9.389364e-07
8.900244e-07
8.926744e-07
8.397534e-07
7.778683e-07
7.695305e-07
6.455627e-07
6.439280e-07
5.656650e-07
5.863863e-07
5.529437e-07
5.410033e-07
4.744245e-07
4.379195e-07
4.389948e-07
3.852343e-07
3.860229e-07
3.625083e-07
3.530873e-07
3.289563e-07
3.131438e-07
3.015261e-07
2.869265e-07
2.818619e-07
2.715548e-07
2.684352e-07
2.502360e-07
2.390935e-07
2.225316e-07
2.109249e-07
2.261427e-07
2.158057e-07
1.981734e-07
1.902735e-07
1.790998e-07
1.729851e-07
1.895476e-07
1.825687e-07
1.639101e-07
1.543333e-07
1.480587e-07
1.403761e-07
1.577037e-07
1.513460e-07
1.402892e-07
1.306031e-07
1.247456e-07
1.157234e-07
1.318214e-07
1.270387e-07
1.176929e-07
1.120491e-07
1.044564e-07
9.820139e-08
