1.472427e-06
1.492068e-06
1.399288e-06
1.292342e-06
1.288211e-06
1.375566e-06
8.921261e-07
8.978259e-07
8.787015e-07
8.045005e-07
8.328529e-07
7.712113e-07
6.260826e-07
5.971548e-07
5.933849e-07
5.719255e-07
5.691000e-07
5.277084e-07
4.296026e-07
4.578108e-07
4.315198e-07
4.264453e-07
3.914216e-07
3.645623e-07
3.487751e-07
3.334526e-07
3.263537e-07
3.180978e-07
2.962176e-07
2.835882e-07
2.744738e-07
2.576546e-07
2.570012e-07
2.508369e-07
2.325001e-07
2.103927e-07
2.203386e-07
2.119250e-07
2.069296e-07
2.029444e-07
1.863899e-07
1.772187e-07
1.875728e-07
1.752710e-07
1.684935e-07
1.626449e-07
1.526157e-07
1.379078e-07
1.559550e-07
1.466694e-07
1.408675e-07
1.325584e-07
1.256920e-07
1.184782e-07
1.324463e-07
1.203875e-07
1.150648e-07
1.089943e-07
1.061399e-07
1.009306e-07
