1.503020e-06
1.471312e-06
1.424855e-06
1.388215e-06
1.459659e-06
1.231021e-06
9.490919e-07
9.237000e-07
9.476362e-07
8.379153e-07
8.329827e-07
7.852476e-07
6.461724e-07
6.316358e-07
6.002481e-07
5.847465e-07
5.424349e-07
5.457414e-07
4.824317e-07
4.498418e-07
4.143416e-07
4.054940e-07
3.818175e-07
3.800699e-07
3.560545e-07
3.434703e-07
3.196630e-07
3.133054e-07
2.971117e-07
2.798133e-07
2.730551e-07
2.723569e-07
2.597047e-07
2.320410e-07
2.266030e-07
2.121645e-07
2.157544e-07
2.221875e-07
2.040474e-07
1.916199e-07
1.858595e-07
1.730837e-07
1.857103e-07
1.712186e-07
1.695521e-07
1.611161e-07
1.448352e-07
1.385190e-07
1.556021e-07
1.449113e-07
1.354538e-07
1.322417e-07
1.225181e-07
1.135009e-07
1.374454e-07
1.234952e-07
1.125548e-07
1.099242e-07
1.036323e-07
1.019947e-07
