4.600986e-06
4.372382e-06
4.410102e-06
4.175240e-06
4.004575e-06
3.838893e-06
3.465318e-06
3.441165e-06
3.284592e-06
3.200172e-06
3.004064e-06
2.871157e-06
2.625580e-06
2.663036e-06
2.594606e-06
2.538952e-06
2.388559e-06
2.262244e-06
2.125164e-06
2.113128e-06
2.099547e-06
2.029189e-06
1.967787e-06
1.807966e-06
1.828139e-06
1.789073e-06
1.725392e-06
1.672593e-06
1.599223e-06
1.447695e-06
1.505766e-06
1.487603e-06
1.434894e-06
1.403560e-06
1.361918e-06
1.251499e-06
1.322799e-06
1.267832e-06
1.221464e-06
1.210077e-06
1.148727e-06
1.076022e-06
1.113853e-06
1.082971e-06
1.064184e-06
1.021232e-06
9.623575e-07
9.238135e-07
9.864403e-07
9.614487e-07
9.255560e-07
8.863985e-07
8.254493e-07
7.964568e-07
8.840080e-07
8.509487e-07
8.149445e-07
7.726036e-07
7.243927e-07
6.839518e-07
7.754022e-07
7.542997e-07
7.143580e-07
6.770053e-07
6.406154e-07
6.147204e-07
6.906667e-07
6.838041e-07
6.309571e-07
6.077862e-07
5.704707e-07
5.421754e-07
6.218983e-07
6.063392e-07
5.617640e-07
5.391356e-07
5.072481e-07
4.831118e-07
5.672698e-07
5.423642e-07
5.072482e-07
4.863490e-07
4.595112e-07
4.306707e-07
5.146147e-07
4.952890e-07
4.627931e-07
4.416122e-07
4.149584e-07
3.888945e-07
4.743227e-07
4.535324e-07
4.203504e-07
4.006147e-07
3.713153e-07
3.519248e-07
4.363772e-07
4.141445e-07
3.869277e-07
3.604647e-07
3.431930e-07
3.198761e-07
4.078790e-07
3.854410e-07
3.572539e-07
3.337087e-07
3.104282e-07
2.958207e-07
3.767406e-07
3.467303e-07
3.269865e-07
3.072248e-07
2.836355e-07
2.712664e-07
3.463264e-07
3.203754e-07
2.999708e-07
2.802258e-07
2.619897e-07
2.513697e-07
