1.386898e-06
1.518847e-06
1.476565e-06
1.348694e-06
1.302160e-06
1.255248e-06
8.751520e-07
8.913927e-07
8.807981e-07
8.593306e-07
8.098298e-07
7.596024e-07
6.015569e-07
5.987778e-07
5.754610e-07
6.297766e-07
5.735539e-07
5.318560e-07
4.491006e-07
4.526221e-07
4.338923e-07
4.447374e-07
4.054675e-07
3.682743e-07
3.463664e-07
3.541197e-07
3.339191e-07
3.303190e-07
3.055549e-07
2.796400e-07
2.758692e-07
2.647747e-07
2.558356e-07
2.465156e-07
2.321973e-07
2.162672e-07
2.190069e-07
2.102548e-07
2.041237e-07
1.925783e-07
1.790965e-07
1.692590e-07
1.855688e-07
1.769201e-07
1.712469e-07
1.591278e-07
1.484712e-07
1.393466e-07
1.644943e-07
1.497069e-07
1.403869e-07
1.334581e-07
1.216734e-07
1.126992e-07
1.395095e-07
1.346430e-07
1.235872e-07
1.095733e-07
1.040755e-07
9.833858e-08
