1.011369e+03
1.087818e+03
1.117165e+03
1.138033e+03
1.082312e+03
9.306606e+02
1.795568e+03
1.740797e+03
1.678947e+03
1.640933e+03
1.389607e+03
1.363571e+03
2.699936e+03
2.418411e+03
2.375757e+03
2.129051e+03
1.883943e+03
1.982847e+03
3.884002e+03
3.231837e+03
3.225157e+03
3.061532e+03
2.593060e+03
2.459784e+03
4.862271e+03
4.029530e+03
3.908431e+03
3.669472e+03
3.114215e+03
2.739289e+03
6.154661e+03
5.351956e+03
4.536877e+03
4.094830e+03
3.638281e+03
3.289295e+03
7.613344e+03
6.256986e+03
5.824148e+03
4.542383e+03
4.118822e+03
4.116837e+03
9.004655e+03
7.841473e+03
6.203053e+03
5.661239e+03
5.007169e+03
4.505884e+03
1.152698e+04
8.877672e+03
7.690516e+03
6.139770e+03
5.588745e+03
4.904750e+03
1.295511e+04
1.025810e+04
7.769359e+03
6.748308e+03
6.042469e+03
5.533947e+03
