1.190653e+03
1.263017e+03
1.107176e+03
1.131363e+03
8.536964e+02
9.053475e+02
2.074881e+03
1.851490e+03
1.653258e+03
1.524089e+03
1.424352e+03
1.364887e+03
2.908532e+03
2.396506e+03
2.167936e+03
2.161248e+03
1.897118e+03
1.744222e+03
3.933008e+03
3.234849e+03
2.920680e+03
2.858756e+03
2.676398e+03
2.322692e+03
4.265940e+03
4.733756e+03
4.053374e+03
3.558838e+03
3.130920e+03
2.825635e+03
6.364118e+03
5.559778e+03
4.811496e+03
4.335615e+03
4.022975e+03
3.267101e+03
7.370638e+03
6.334134e+03
5.751660e+03
4.409962e+03
4.352349e+03
3.835651e+03
9.204181e+03
7.458796e+03
6.030173e+03
5.298634e+03
5.014125e+03
4.538055e+03
1.026851e+04
9.018288e+03
7.453819e+03
6.134812e+03
5.472479e+03
5.243557e+03
1.237880e+04
1.001047e+04
8.420992e+03
7.140877e+03
5.924627e+03
5.595468e+03
