1.427101e-06
1.424925e-06
1.476057e-06
1.387702e-06
1.323811e-06
1.225953e-06
9.321576e-07
8.821598e-07
8.573031e-07
8.602619e-07
7.793332e-07
7.411060e-07
6.273962e-07
6.422755e-07
6.169236e-07
5.570912e-07
5.459115e-07
5.214870e-07
4.758107e-07
4.484908e-07
4.324147e-07
4.094822e-07
3.872489e-07
3.577806e-07
3.534478e-07
3.309356e-07
3.197784e-07
3.127838e-07
3.011122e-07
2.735905e-07
2.899107e-07
2.654631e-07
2.491557e-07
2.440419e-07
2.292787e-07
2.175618e-07
2.220265e-07
2.173759e-07
2.105353e-07
1.998685e-07
1.881344e-07
1.735515e-07
1.855154e-07
1.808246e-07
1.690124e-07
1.616057e-07
1.536499e-07
1.430730e-07
1.607871e-07
1.590446e-07
1.400558e-07
1.329130e-07
1.235908e-07
1.173777e-07
1.316931e-07
1.324741e-07
1.212204e-07
1.100614e-07
1.024298e-07
9.594557e-08
