1.423571e-06
1.388282e-06
1.412442e-06
1.334382e-06
1.293668e-06
1.322528e-06
8.931607e-07
9.030660e-07
8.560875e-07
8.670324e-07
8.150034e-07
8.011513e-07
6.344024e-07
6.190753e-07
5.897232e-07
5.710184e-07
5.340885e-07
5.397155e-07
4.864306e-07
4.527937e-07
4.229545e-07
4.135161e-07
3.860979e-07
3.623557e-07
3.664364e-07
3.477450e-07
3.319440e-07
2.985961e-07
2.971017e-07
2.612592e-07
2.873833e-07
2.621985e-07
2.500837e-07
2.418117e-07
2.259310e-07
2.110471e-07
2.273108e-07
2.082329e-07
2.001583e-07
1.942120e-07
1.831498e-07
1.720988e-07
1.896233e-07
1.811053e-07
1.660317e-07
1.581136e-07
1.510685e-07
1.399917e-07
1.627627e-07
1.498791e-07
1.460200e-07
1.307762e-07
1.273458e-07
1.209617e-07
1.365096e-07
1.245388e-07
1.171059e-07
1.128994e-07
1.056603e-07
9.839838e-08
