1.373005e-06
1.361860e-06
1.398072e-06
1.289853e-06
1.273458e-06
1.298294e-06
8.443404e-07
8.412738e-07
8.373320e-07
7.845566e-07
8.332793e-07
8.050878e-07
5.881476e-07
6.062647e-07
6.148920e-07
5.747685e-07
5.645552e-07
5.397132e-07
4.572501e-07
4.469910e-07
4.318992e-07
4.064367e-07
3.973707e-07
3.885594e-07
3.427332e-07
3.392530e-07
3.422419e-07
3.181182e-07
3.026027e-07
2.811387e-07
2.737797e-07
2.660427e-07
2.581313e-07
2.388685e-07
2.266715e-07
2.193819e-07
2.268642e-07
2.140841e-07
2.042518e-07
1.895355e-07
1.867452e-07
1.801293e-07
1.853235e-07
1.757569e-07
1.757508e-07
1.609619e-07
1.532349e-07
1.389888e-07
1.570615e-07
1.479424e-07
1.462658e-07
1.364444e-07
1.201247e-07
1.157346e-07
1.311532e-07
1.301165e-07
1.182242e-07
1.152517e-07
1.022671e-07
9.855914e-08
