1.212705e+03
1.242818e+03
1.258514e+03
1.028097e+03
9.934392e+02
8.768706e+02
2.150485e+03
1.772175e+03
1.793032e+03
1.700549e+03
1.469492e+03
1.429311e+03
2.771158e+03
2.799347e+03
2.378515e+03
2.124084e+03
1.944639e+03
1.990543e+03
4.035478e+03
3.400787e+03
2.978272e+03
2.702963e+03
2.340509e+03
2.336399e+03
4.621939e+03
4.828561e+03
3.880779e+03
3.659122e+03
3.232792e+03
2.875751e+03
6.282419e+03
5.873024e+03
4.774821e+03
4.101428e+03
3.703803e+03
3.262588e+03
7.676244e+03
6.840970e+03
5.560410e+03
4.816982e+03
4.406120e+03
3.880986e+03
9.745720e+03
7.947922e+03
6.443131e+03
5.625864e+03
5.029470e+03
4.389752e+03
9.957167e+03
8.916562e+03
7.288292e+03
6.584022e+03
5.623270e+03
5.273743e+03
1.280603e+04
9.660830e+03
8.873353e+03
6.928880e+03
6.277465e+03
5.525597e+03
