4.508731e-06
4.468152e-06
4.242006e-06
4.123050e-06
4.000864e-06
3.925892e-06
3.400986e-06
3.345538e-06
3.302593e-06
3.184868e-06
3.075574e-06
2.942215e-06
2.671049e-06
2.602537e-06
2.600147e-06
2.546831e-06
2.410416e-06
2.333419e-06
2.186102e-06
2.108848e-06
2.095444e-06
1.973804e-06
1.948109e-06
1.856923e-06
1.791533e-06
1.731413e-06
1.667321e-06
1.639532e-06
1.607072e-06
1.529577e-06
1.523109e-06
1.488657e-06
1.430746e-06
1.392020e-06
1.349364e-06
1.296134e-06
1.306418e-06
1.278193e-06
1.195705e-06
1.188548e-06
1.151071e-06
1.108229e-06
1.130033e-06
1.094184e-06
1.045003e-06
9.995502e-07
9.945195e-07
9.285479e-07
1.013253e-06
9.468367e-07
9.214117e-07
8.671958e-07
8.417309e-07
8.033293e-07
8.819976e-07
8.416373e-07
8.063297e-07
7.641565e-07
7.316349e-07
6.792318e-07
7.862399e-07
7.444188e-07
7.116506e-07
6.765360e-07
6.439019e-07
5.943746e-07
6.992324e-07
6.612724e-07
6.478376e-07
5.990017e-07
5.769131e-07
5.242510e-07
6.192309e-07
5.942366e-07
5.710822e-07
5.452192e-07
5.176117e-07
4.762454e-07
5.657804e-07
5.398229e-07
5.105006e-07
4.872186e-07
4.625004e-07
4.286110e-07
5.117579e-07
4.807823e-07
4.609351e-07
4.384461e-07
4.188850e-07
3.834647e-07
4.711349e-07
4.394257e-07
4.182275e-07
4.021871e-07
3.757428e-07
3.528416e-07
4.332232e-07
4.083061e-07
3.882849e-07
3.635013e-07
3.394174e-07
3.230416e-07
4.009628e-07
3.762013e-07
3.509332e-07
3.323755e-07
3.129935e-07
2.940511e-07
3.707646e-07
3.451597e-07
3.260983e-07
3.034307e-07
2.860084e-07
2.709585e-07
3.445679e-07
3.229095e-07
2.946401e-07
2.826288e-07
2.648473e-07
2.525797e-07
