1.402446e-06
1.436790e-06
1.348856e-06
1.406836e-06
1.358485e-06
1.254128e-06
9.127792e-07
8.739061e-07
8.607475e-07
8.575872e-07
8.312402e-07
8.071179e-07
5.994618e-07
6.437192e-07
5.829104e-07
5.806567e-07
5.443735e-07
5.555951e-07
4.516615e-07
4.452619e-07
4.156239e-07
4.184669e-07
3.971662e-07
3.737482e-07
3.561773e-07
3.516597e-07
3.216335e-07
3.062458e-07
3.067472e-07
2.838115e-07
2.813435e-07
2.743372e-07
2.556844e-07
2.418816e-07
2.262830e-07
2.186780e-07
2.256978e-07
2.222247e-07
2.044561e-07
1.938577e-07
1.844889e-07
1.753866e-07
1.880288e-07
1.779225e-07
1.711019e-07
1.597083e-07
1.480758e-07
1.410746e-07
1.573711e-07
1.522715e-07
1.401383e-07
1.284246e-07
1.199279e-07
1.163747e-07
1.319637e-07
1.257052e-07
1.204265e-07
1.139233e-07
1.032193e-07
1.006532e-07
