4.574963e-06
4.457942e-06
4.317552e-06
4.164350e-06
4.143909e-06
3.756498e-06
3.500786e-06
3.359763e-06
3.211018e-06
3.179933e-06
3.129651e-06
2.864106e-06
2.690245e-06
2.644539e-06
2.615301e-06
2.502377e-06
2.376933e-06
2.298875e-06
2.125711e-06
2.137236e-06
2.088991e-06
2.004286e-06
1.902477e-06
1.820679e-06
1.817848e-06
1.747708e-06
1.721485e-06
1.683053e-06
1.593197e-06
1.526930e-06
1.545253e-06
1.479299e-06
1.436234e-06
1.389125e-06
1.328069e-06
1.267355e-06
1.304676e-06
1.250683e-06
1.226419e-06
1.180819e-06
1.127294e-06
1.060248e-06
1.123688e-06
1.089204e-06
1.055865e-06
1.009652e-06
9.659231e-07
9.094789e-07
9.744486e-07
9.543822e-07
9.270631e-07
8.830251e-07
8.229805e-07
7.916522e-07
8.592720e-07
8.303776e-07
8.177949e-07
7.705982e-07
7.424554e-07
7.057114e-07
7.699756e-07
7.433796e-07
7.204509e-07
6.936525e-07
6.586853e-07
6.147915e-07
6.967695e-07
6.781529e-07
6.431483e-07
6.081267e-07
5.759064e-07
5.466180e-07
6.232410e-07
5.897199e-07
5.657676e-07
5.443434e-07
5.033424e-07
4.828430e-07
5.761911e-07
5.409429e-07
5.130432e-07
4.916380e-07
4.608338e-07
4.365276e-07
5.206966e-07
4.906145e-07
4.703237e-07
4.442792e-07
4.125475e-07
3.892502e-07
4.704133e-07
4.497101e-07
4.231905e-07
3.961776e-07
3.795694e-07
3.593607e-07
4.408860e-07
4.113410e-07
3.847435e-07
3.644699e-07
3.419278e-07
3.217764e-07
4.044880e-07
3.749554e-07
3.600321e-07
3.296657e-07
3.169455e-07
2.914641e-07
3.687418e-07
3.473964e-07
3.305293e-07
3.079020e-07
2.868088e-07
2.717465e-07
3.375725e-07
3.215232e-07
3.049241e-07
2.799105e-07
2.639524e-07
2.499670e-07
