1.545552e-06
1.323035e-06
1.340057e-06
1.425212e-06
1.265346e-06
1.237166e-06
8.562283e-07
8.850417e-07
8.639310e-07
8.549306e-07
8.438205e-07
7.862124e-07
6.049122e-07
5.693582e-07
5.846381e-07
5.851404e-07
5.358461e-07
5.327738e-07
4.682611e-07
4.319938e-07
4.263274e-07
4.066814e-07
3.921859e-07
3.842884e-07
3.412619e-07
3.450841e-07
3.233423e-07
3.264144e-07
2.930420e-07
2.751717e-07
2.748674e-07
2.613331e-07
2.622306e-07
2.483314e-07
2.321580e-07
2.149605e-07
2.301650e-07
2.170280e-07
1.974816e-07
1.986749e-07
1.841741e-07
1.796016e-07
1.866274e-07
1.761668e-07
1.681045e-07
1.602741e-07
1.571509e-07
1.423576e-07
1.583662e-07
1.506890e-07
1.343015e-07
1.318035e-07
1.257559e-07
1.135122e-07
1.315895e-07
1.252629e-07
1.154545e-07
1.107772e-07
1.077075e-07
9.650191e-08
