4.385972e-06
4.341584e-06
4.300703e-06
4.253405e-06
4.087910e-06
3.830768e-06
3.392994e-06
3.393568e-06
3.381443e-06
3.184840e-06
3.050469e-06
2.980078e-06
2.689414e-06
2.627834e-06
2.581209e-06
2.536133e-06
2.454014e-06
2.319005e-06
2.218933e-06
2.155605e-06
2.111705e-06
2.034889e-06
1.945596e-06
1.849791e-06
1.768128e-06
1.771936e-06
1.708054e-06
1.684774e-06
1.612503e-06
1.519136e-06
1.519864e-06
1.493407e-06
1.409729e-06
1.398954e-06
1.335320e-06
1.256729e-06
1.303634e-06
1.266430e-06
1.210243e-06
1.193251e-06
1.138009e-06
1.073218e-06
1.150202e-06
1.083193e-06
1.038168e-06
1.011734e-06
9.702000e-07
9.271345e-07
1.016762e-06
9.648635e-07
9.022769e-07
8.989920e-07
8.351722e-07
8.029354e-07
8.808031e-07
8.521663e-07
8.028953e-07
7.648892e-07
7.315525e-07
6.973902e-07
7.920264e-07
7.525039e-07
7.092710e-07
6.763518e-07
6.377851e-07
6.149356e-07
6.874342e-07
6.662812e-07
6.390865e-07
6.060493e-07
5.679761e-07
5.388125e-07
6.212766e-07
6.040604e-07
5.700199e-07
5.330266e-07
5.097879e-07
4.780660e-07
5.622074e-07
5.398489e-07
5.155291e-07
4.828083e-07
4.562445e-07
4.261828e-07
5.189901e-07
4.940339e-07
4.658344e-07
4.386142e-07
4.123119e-07
3.882799e-07
4.757703e-07
4.453218e-07
4.264561e-07
3.978278e-07
3.752661e-07
3.505330e-07
4.370004e-07
4.107253e-07
3.870964e-07
3.629212e-07
3.399425e-07
3.222918e-07
4.004738e-07
3.720359e-07
3.574364e-07
3.321925e-07
3.150576e-07
2.975178e-07
3.708947e-07
3.492683e-07
3.245423e-07
3.052186e-07
2.877824e-07
2.720164e-07
3.402448e-07
3.242931e-07
3.035563e-07
2.840806e-07
2.667748e-07
2.472963e-07
