1.508678e-06
1.435692e-06
1.444074e-06
1.298890e-06
1.252285e-06
1.287348e-06
8.882369e-07
9.035525e-07
8.525769e-07
8.158434e-07
8.213869e-07
7.884123e-07
6.308211e-07
6.034684e-07
5.778845e-07
5.475525e-07
5.536121e-07
5.194155e-07
4.809202e-07
4.453437e-07
4.263371e-07
4.173189e-07
3.900066e-07
3.561669e-07
3.524230e-07
3.208893e-07
3.307252e-07
3.108241e-07
2.869940e-07
2.821715e-07
2.685217e-07
2.699432e-07
2.561935e-07
2.471074e-07
2.217025e-07
2.147205e-07
2.235514e-07
2.179885e-07
2.040210e-07
1.899592e-07
1.844795e-07
1.702573e-07
1.818739e-07
1.744364e-07
1.665020e-07
1.580590e-07
1.544467e-07
1.373263e-07
1.541761e-07
1.443049e-07
1.417744e-07
1.311591e-07
1.280909e-07
1.157388e-07
1.352285e-07
1.259477e-07
1.173746e-07
1.114502e-07
1.013801e-07
9.944085e-08
