1.463844e-06
1.483623e-06
1.415642e-06
1.261407e-06
1.305139e-06
1.169448e-06
9.487085e-07
8.406335e-07
8.740297e-07
8.245291e-07
8.128900e-07
7.686446e-07
6.234181e-07
6.090628e-07
5.896894e-07
5.584473e-07
5.383702e-07
4.999999e-07
4.417026e-07
4.520762e-07
4.286042e-07
4.192254e-07
3.911262e-07
3.735919e-07
3.423317e-07
3.472567e-07
3.272517e-07
3.280738e-07
3.031781e-07
3.006063e-07
2.762701e-07
2.722920e-07
2.646952e-07
2.438685e-07
2.279008e-07
2.197338e-07
2.281105e-07
2.272381e-07
2.106215e-07
1.966738e-07
1.873079e-07
1.724071e-07
1.953953e-07
1.837168e-07
1.740450e-07
1.580507e-07
1.502212e-07
1.367438e-07
1.609356e-07
1.488941e-07
1.386385e-07
1.338217e-07
1.225277e-07
1.139125e-07
1.321199e-07
1.234829e-07
1.205476e-07
1.092994e-07
1.060734e-07
1.003695e-07
