1.409833e-06
1.389683e-06
1.366228e-06
1.364569e-06
1.345249e-06
1.354057e-06
8.636693e-07
8.320764e-07
8.999746e-07
8.149646e-07
8.031804e-07
7.747711e-07
6.292521e-07
6.011973e-07
5.778856e-07
5.663334e-07
5.549381e-07
5.261574e-07
4.566584e-07
4.473382e-07
4.381323e-07
4.261719e-07
3.848991e-07
3.605183e-07
3.484073e-07
3.436839e-07
3.267744e-07
3.061111e-07
2.969196e-07
2.710320e-07
2.878986e-07
2.666385e-07
2.622491e-07
2.500680e-07
2.318828e-07
2.176690e-07
2.241978e-07
2.187656e-07
2.091654e-07
1.917104e-07
1.812906e-07
1.742232e-07
1.829143e-07
1.793497e-07
1.618265e-07
1.586789e-07
1.485624e-07
1.336910e-07
1.570970e-07
1.496443e-07
1.361248e-07
1.345865e-07
1.176646e-07
1.129971e-07
1.336872e-07
1.224520e-07
1.195850e-07
1.076666e-07
1.030984e-07
9.584228e-08
