4.492479e-06
4.450573e-06
4.420495e-06
4.181111e-06
4.120783e-06
3.982586e-06
3.452632e-06
3.415135e-06
3.333995e-06
3.216956e-06
3.062752e-06
2.965704e-06
2.766813e-06
2.677203e-06
2.617916e-06
2.530501e-06
2.463953e-06
2.393756e-06
2.239205e-06
2.156616e-06
2.087984e-06
2.013120e-06
1.960840e-06
1.862762e-06
1.849889e-06
1.777736e-06
1.713401e-06
1.667039e-06
1.607125e-06
1.537839e-06
1.557747e-06
1.494409e-06
1.420960e-06
1.385300e-06
1.328117e-06
1.249434e-06
1.307890e-06
1.267696e-06
1.198766e-06
1.195061e-06
1.126280e-06
1.066012e-06
1.133820e-06
1.093785e-06
1.053546e-06
1.018750e-06
9.911037e-07
9.126084e-07
9.930231e-07
9.511328e-07
9.287255e-07
8.789701e-07
8.509427e-07
7.771145e-07
8.770895e-07
8.458129e-07
8.074815e-07
7.770557e-07
7.398507e-07
6.982345e-07
7.773177e-07
7.693176e-07
7.139156e-07
6.753659e-07
6.503028e-07
6.123734e-07
7.060283e-07
6.860207e-07
6.419935e-07
6.090133e-07
5.753220e-07
5.357729e-07
6.242291e-07
6.095190e-07
5.701511e-07
5.455948e-07
5.108580e-07
4.798838e-07
5.585325e-07
5.487983e-07
5.123060e-07
4.896042e-07
4.656141e-07
4.280877e-07
5.096035e-07
4.958022e-07
4.741973e-07
4.363672e-07
4.188500e-07
3.877016e-07
4.719938e-07
4.476448e-07
4.233346e-07
3.977464e-07
3.817190e-07
3.501747e-07
4.301143e-07
4.081497e-07
3.861135e-07
3.650681e-07
3.447637e-07
3.181205e-07
3.925367e-07
3.733867e-07
3.590864e-07
3.348594e-07
3.156016e-07
2.908037e-07
3.656987e-07
3.448142e-07
3.301458e-07
3.083780e-07
2.895724e-07
2.649605e-07
3.425542e-07
3.216088e-07
3.078751e-07
2.828838e-07
2.671856e-07
2.483798e-07
