1.426711e-06
1.493692e-06
1.436456e-06
1.392289e-06
1.327932e-06
1.304006e-06
8.574575e-07
8.711788e-07
9.200994e-07
8.168460e-07
8.329400e-07
7.977846e-07
6.314640e-07
6.026768e-07
6.160057e-07
5.670541e-07
5.629321e-07
5.561630e-07
4.668717e-07
4.424212e-07
4.371310e-07
4.346173e-07
3.987894e-07
3.661912e-07
3.536063e-07
3.396117e-07
3.431640e-07
3.135796e-07
3.069165e-07
2.760559e-07
2.821518e-07
2.763211e-07
2.635409e-07
2.439831e-07
2.344202e-07
2.178856e-07
2.282036e-07
2.094190e-07
2.071209e-07
1.986513e-07
1.854349e-07
1.702494e-07
1.883754e-07
1.791631e-07
1.693937e-07
1.582266e-07
1.549559e-07
1.452719e-07
1.504634e-07
1.496566e-07
1.406396e-07
1.353148e-07
1.311630e-07
1.195358e-07
1.299810e-07
1.251358e-07
1.183241e-07
1.098346e-07
1.076856e-07
1.009083e-07
