4.502605e-06
4.422401e-06
4.282748e-06
4.122175e-06
4.131055e-06
3.882636e-06
3.363076e-06
3.378352e-06
3.194173e-06
3.209712e-06
3.086217e-06
2.930486e-06
2.647611e-06
2.577727e-06
2.518700e-06
2.514979e-06
2.406529e-06
2.295843e-06
2.190206e-06
2.119259e-06
2.032668e-06
2.015441e-06
1.939016e-06
1.818933e-06
1.854613e-06
1.762531e-06
1.689664e-06
1.651488e-06
1.612587e-06
1.492227e-06
1.543084e-06
1.481105e-06
1.398121e-06
1.383421e-06
1.335308e-06
1.239048e-06
1.310253e-06
1.265366e-06
1.230012e-06
1.176864e-06
1.144715e-06
1.077553e-06
1.113696e-06
1.108348e-06
1.050423e-06
1.014249e-06
9.759816e-07
9.151049e-07
9.919251e-07
9.574407e-07
9.397780e-07
8.786727e-07
8.401962e-07
7.878381e-07
8.579930e-07
8.496278e-07
8.298334e-07
7.772916e-07
7.429553e-07
6.886166e-07
7.661304e-07
7.435924e-07
7.234913e-07
6.790866e-07
6.453670e-07
6.134107e-07
6.958512e-07
6.704851e-07
6.438800e-07
6.045542e-07
5.678447e-07
5.341108e-07
6.196850e-07
6.045936e-07
5.673253e-07
5.348962e-07
5.063445e-07
4.758032e-07
5.631510e-07
5.416872e-07
5.130612e-07
4.784022e-07
4.529816e-07
4.240012e-07
5.119560e-07
4.904000e-07
4.667139e-07
4.280843e-07
4.104520e-07
3.903356e-07
4.766340e-07
4.508135e-07
4.176190e-07
3.930450e-07
3.750563e-07
3.534136e-07
4.298427e-07
4.150161e-07
3.828295e-07
3.541766e-07
3.378232e-07
3.267931e-07
4.003444e-07
3.776875e-07
3.519652e-07
3.231914e-07
3.132769e-07
2.988235e-07
3.685485e-07
3.479987e-07
3.227528e-07
2.994587e-07
2.873322e-07
2.714272e-07
3.362942e-07
3.247782e-07
3.007324e-07
2.782990e-07
2.662160e-07
2.528976e-07
