1.428508e-06
1.356926e-06
1.378309e-06
1.293865e-06
1.299911e-06
1.210606e-06
9.416751e-07
9.478027e-07
8.691413e-07
7.809542e-07
7.812399e-07
7.776319e-07
6.402309e-07
6.143693e-07
5.756798e-07
5.624907e-07
5.506780e-07
5.337925e-07
4.375510e-07
4.309720e-07
4.052344e-07
4.005529e-07
4.034803e-07
3.881861e-07
3.550987e-07
3.340727e-07
3.166247e-07
3.024033e-07
3.096042e-07
2.800143e-07
2.684605e-07
2.654679e-07
2.413479e-07
2.540729e-07
2.295817e-07
2.131611e-07
2.283509e-07
2.134089e-07
2.004053e-07
1.929390e-07
1.865233e-07
1.725250e-07
1.877315e-07
1.806154e-07
1.638536e-07
1.620308e-07
1.502085e-07
1.432246e-07
1.589271e-07
1.465773e-07
1.397112e-07
1.305244e-07
1.230470e-07
1.113627e-07
1.373403e-07
1.273128e-07
1.171526e-07
1.119390e-07
1.027292e-07
9.436689e-08
