1.542075e-06
1.402433e-06
1.390374e-06
1.457834e-06
1.313335e-06
1.309232e-06
8.936273e-07
8.974118e-07
8.597940e-07
8.344603e-07
8.146773e-07
7.768428e-07
6.380645e-07
6.109839e-07
5.493874e-07
5.531573e-07
5.646577e-07
5.078476e-07
4.655603e-07
4.256644e-07
4.131432e-07
3.980916e-07
3.796072e-07
3.645837e-07
3.385124e-07
3.298084e-07
3.203161e-07
3.079819e-07
2.903288e-07
2.771086e-07
2.811359e-07
2.558647e-07
2.490130e-07
2.411419e-07
2.356774e-07
2.185726e-07
2.254028e-07
2.163528e-07
1.919489e-07
1.916028e-07
1.847815e-07
1.722949e-07
1.886574e-07
1.705690e-07
1.628186e-07
1.582667e-07
1.517754e-07
1.373643e-07
1.584463e-07
1.491309e-07
1.380911e-07
1.359198e-07
1.279157e-07
1.160602e-07
1.339082e-07
1.220489e-07
1.200548e-07
1.148619e-07
1.085657e-07
9.395005e-08
