1.376459e-06
1.466589e-06
1.454749e-06
1.359390e-06
1.403607e-06
1.308088e-06
9.171327e-07
9.493780e-07
9.118819e-07
8.746544e-07
8.198254e-07
7.705902e-07
5.969760e-07
6.224348e-07
6.148994e-07
5.735457e-07
5.414125e-07
5.112019e-07
4.621771e-07
4.482951e-07
4.423729e-07
4.210063e-07
3.944883e-07
3.475744e-07
3.392362e-07
3.393902e-07
3.238830e-07
3.056572e-07
2.869546e-07
2.824993e-07
2.673060e-07
2.570235e-07
2.553695e-07
2.336892e-07
2.292347e-07
2.161484e-07
2.153938e-07
2.105176e-07
2.040376e-07
1.865264e-07
1.864319e-07
1.736096e-07
1.805478e-07
1.751452e-07
1.679060e-07
1.608292e-07
1.516469e-07
1.385481e-07
1.590475e-07
1.517721e-07
1.413031e-07
1.324851e-07
1.257657e-07
1.177186e-07
1.326851e-07
1.263751e-07
1.167491e-07
1.127442e-07
1.076203e-07
9.836795e-08
