4.573347e-06
4.523718e-06
4.427094e-06
4.245939e-06
3.988564e-06
3.843597e-06
3.470117e-06
3.364775e-06
3.348016e-06
3.261526e-06
3.109971e-06
2.950127e-06
2.748140e-06
2.719191e-06
2.570818e-06
2.539655e-06
2.404171e-06
2.305243e-06
2.213403e-06
2.132068e-06
2.093787e-06
2.044111e-06
1.959189e-06
1.817673e-06
1.852303e-06
1.718952e-06
1.722757e-06
1.651884e-06
1.590297e-06
1.524703e-06
1.567300e-06
1.478511e-06
1.454090e-06
1.406518e-06
1.350901e-06
1.282281e-06
1.300368e-06
1.257409e-06
1.227723e-06
1.193123e-06
1.149630e-06
1.063769e-06
1.120756e-06
1.110297e-06
1.078300e-06
1.012260e-06
9.704786e-07
9.180066e-07
9.769932e-07
9.471810e-07
9.167740e-07
8.637139e-07
8.384620e-07
7.910033e-07
8.608371e-07
8.177476e-07
8.138351e-07
7.603043e-07
7.536745e-07
6.972815e-07
7.622594e-07
7.508065e-07
7.137914e-07
6.754966e-07
6.538936e-07
6.100158e-07
6.900376e-07
6.650832e-07
6.464790e-07
6.112451e-07
5.778129e-07
5.335414e-07
6.288068e-07
6.011333e-07
5.767563e-07
5.515692e-07
5.152086e-07
4.814232e-07
5.674425e-07
5.427276e-07
5.169483e-07
4.851341e-07
4.598170e-07
4.314720e-07
5.153814e-07
4.934923e-07
4.639783e-07
4.424906e-07
4.147971e-07
3.852034e-07
4.698580e-07
4.528515e-07
4.238491e-07
4.035753e-07
3.768975e-07
3.447366e-07
4.259479e-07
4.154189e-07
3.887050e-07
3.679566e-07
3.400145e-07
3.156446e-07
3.976945e-07
3.840570e-07
3.515026e-07
3.298393e-07
3.108914e-07
2.941203e-07
3.670185e-07
3.497744e-07
3.242516e-07
3.077697e-07
2.838596e-07
2.705009e-07
3.424343e-07
3.214234e-07
2.999462e-07
2.817206e-07
2.630409e-07
2.471091e-07
