1.615500e-06
1.386262e-06
1.323432e-06
1.313073e-06
1.320031e-06
1.274450e-06
8.817266e-07
8.695206e-07
8.417347e-07
8.335928e-07
7.980812e-07
7.478198e-07
6.161558e-07
6.033582e-07
5.560084e-07
5.811585e-07
5.524270e-07
5.227896e-07
4.757097e-07
4.454621e-07
4.417834e-07
4.177347e-07
4.144053e-07
3.752210e-07
3.551837e-07
3.475378e-07
3.448036e-07
3.189791e-07
3.130213e-07
2.849488e-07
2.806610e-07
2.686879e-07
2.484540e-07
2.419355e-07
2.444382e-07
2.263610e-07
2.232530e-07
2.202957e-07
2.049683e-07
1.934738e-07
1.934224e-07
1.726482e-07
1.843836e-07
1.724072e-07
1.638150e-07
1.611071e-07
1.526350e-07
1.450728e-07
1.482393e-07
1.461331e-07
1.362956e-07
1.315151e-07
1.263282e-07
1.177689e-07
1.286813e-07
1.206111e-07
1.193289e-07
1.115275e-07
1.071312e-07
9.742117e-08
