1.344734e+03
1.298451e+03
1.010933e+03
1.103305e+03
9.562908e+02
9.010600e+02
1.891819e+03
1.695916e+03
1.510019e+03
1.725065e+03
1.441175e+03
1.253632e+03
2.790111e+03
2.577076e+03
2.409761e+03
2.013662e+03
2.181088e+03
1.831641e+03
3.681896e+03
3.365674e+03
3.373834e+03
2.765958e+03
2.607362e+03
2.202018e+03
4.851852e+03
4.618589e+03
3.920220e+03
3.419097e+03
3.064040e+03
2.775039e+03
6.514048e+03
5.372087e+03
4.498276e+03
4.083724e+03
3.554753e+03
3.317724e+03
7.553088e+03
6.427633e+03
5.747337e+03
4.962597e+03
3.986219e+03
3.818017e+03
9.356410e+03
7.289553e+03
6.384301e+03
5.320841e+03
4.798058e+03
4.327826e+03
1.029531e+04
8.356895e+03
7.529423e+03
6.754321e+03
5.259110e+03
4.798972e+03
1.273403e+04
9.913952e+03
8.548497e+03
6.747982e+03
6.012731e+03
5.548694e+03
