4.446787e-06
4.339245e-06
4.319270e-06
4.236143e-06
4.016476e-06
3.834935e-06
3.423360e-06
3.325479e-06
3.305136e-06
3.146255e-06
3.073204e-06
2.946894e-06
2.742898e-06
2.636957e-06
2.563832e-06
2.503364e-06
2.435567e-06
2.318131e-06
2.231190e-06
2.122264e-06
2.020514e-06
1.985038e-06
1.943617e-06
1.898536e-06
1.799612e-06
1.757599e-06
1.692127e-06
1.666275e-06
1.608065e-06
1.571901e-06
1.506763e-06
1.483936e-06
1.444008e-06
1.406801e-06
1.332741e-06
1.289944e-06
1.293118e-06
1.274119e-06
1.220835e-06
1.179307e-06
1.119169e-06
1.095307e-06
1.153236e-06
1.092688e-06
1.063369e-06
1.019588e-06
9.676874e-07
9.146957e-07
1.004420e-06
9.614720e-07
9.183469e-07
8.799434e-07
8.218852e-07
8.018293e-07
8.874224e-07
8.626358e-07
8.117471e-07
7.761013e-07
7.324559e-07
6.928947e-07
7.893169e-07
7.532212e-07
7.154099e-07
6.817429e-07
6.487813e-07
6.116980e-07
6.842042e-07
6.732944e-07
6.422784e-07
5.929258e-07
5.712762e-07
5.416103e-07
6.234076e-07
5.992898e-07
5.759551e-07
5.382584e-07
5.150511e-07
4.759805e-07
5.682820e-07
5.400349e-07
5.161423e-07
4.841826e-07
4.581249e-07
4.316085e-07
5.152951e-07
4.885313e-07
4.665362e-07
4.358452e-07
4.185200e-07
3.896581e-07
4.697743e-07
4.562265e-07
4.216524e-07
3.974011e-07
3.815839e-07
3.476089e-07
4.334621e-07
4.156258e-07
3.851476e-07
3.616729e-07
3.502595e-07
3.179865e-07
3.966712e-07
3.818089e-07
3.590962e-07
3.347188e-07
3.184908e-07
2.923284e-07
3.689953e-07
3.512051e-07
3.229759e-07
3.092478e-07
2.902200e-07
2.687820e-07
3.422948e-07
3.200054e-07
2.991366e-07
2.840007e-07
2.633131e-07
2.496174e-07
