4.423190e-06
4.300698e-06
4.196994e-06
4.141314e-06
4.006662e-06
3.857987e-06
3.477534e-06
3.333174e-06
3.208282e-06
3.144078e-06
3.041440e-06
2.956727e-06
2.677479e-06
2.628212e-06
2.625793e-06
2.490702e-06
2.439031e-06
2.303677e-06
2.198674e-06
2.131066e-06
2.096271e-06
2.021169e-06
1.926910e-06
1.846019e-06
1.827202e-06
1.772311e-06
1.724466e-06
1.687837e-06
1.586462e-06
1.508009e-06
1.533979e-06
1.481647e-06
1.430040e-06
1.423450e-06
1.325386e-06
1.245669e-06
1.338608e-06
1.288467e-06
1.252685e-06
1.214067e-06
1.151040e-06
1.056208e-06
1.137305e-06
1.107698e-06
1.081867e-06
1.027775e-06
9.717854e-07
9.064967e-07
9.908714e-07
9.577122e-07
9.393784e-07
8.900399e-07
8.429009e-07
7.881337e-07
8.729786e-07
8.345940e-07
8.082613e-07
7.799164e-07
7.439723e-07
6.829286e-07
7.695258e-07
7.348024e-07
7.133434e-07
6.855185e-07
6.542807e-07
5.967484e-07
6.961887e-07
6.675851e-07
6.362003e-07
5.986927e-07
5.672293e-07
5.358963e-07
6.269304e-07
6.015855e-07
5.659061e-07
5.390517e-07
5.084619e-07
4.798088e-07
5.731321e-07
5.422679e-07
5.183280e-07
4.899825e-07
4.592037e-07
4.266184e-07
5.207779e-07
4.975131e-07
4.704958e-07
4.360212e-07
4.113357e-07
3.839860e-07
4.723211e-07
4.421328e-07
4.204727e-07
3.993722e-07
3.764964e-07
3.508316e-07
4.454965e-07
4.033861e-07
3.881322e-07
3.628661e-07
3.424885e-07
3.216276e-07
4.020925e-07
3.787621e-07
3.512898e-07
3.313765e-07
3.193290e-07
2.978581e-07
3.714164e-07
3.440638e-07
3.236698e-07
3.030895e-07
2.887727e-07
2.759849e-07
3.435420e-07
3.244087e-07
3.010435e-07
2.806125e-07
2.689643e-07
2.517507e-07
