4.541431e-06
4.357610e-06
4.307473e-06
4.100566e-06
4.002549e-06
3.820830e-06
3.468494e-06
3.323523e-06
3.208674e-06
3.071290e-06
2.994989e-06
2.876249e-06
2.664996e-06
2.620690e-06
2.588498e-06
2.489811e-06
2.379458e-06
2.318342e-06
2.206607e-06
2.168320e-06
2.048944e-06
2.000445e-06
1.982882e-06
1.846040e-06
1.839538e-06
1.789000e-06
1.733576e-06
1.690443e-06
1.625997e-06
1.558218e-06
1.551022e-06
1.480940e-06
1.431844e-06
1.415433e-06
1.368888e-06
1.313370e-06
1.328110e-06
1.282879e-06
1.228302e-06
1.210845e-06
1.150833e-06
1.104930e-06
1.139946e-06
1.103207e-06
1.057494e-06
1.031478e-06
9.689821e-07
9.505295e-07
9.977335e-07
9.632955e-07
9.285759e-07
8.986388e-07
8.440207e-07
7.977953e-07
8.774876e-07
8.489730e-07
8.310497e-07
7.787394e-07
7.418278e-07
6.948354e-07
7.806757e-07
7.539194e-07
7.245372e-07
6.740213e-07
6.491006e-07
6.166889e-07
6.910105e-07
6.787295e-07
6.366709e-07
6.116007e-07
5.756049e-07
5.397405e-07
6.220294e-07
6.141640e-07
5.760674e-07
5.421140e-07
5.100555e-07
4.803477e-07
5.657978e-07
5.485957e-07
5.124934e-07
4.887910e-07
4.582882e-07
4.320616e-07
5.160722e-07
4.970411e-07
4.641911e-07
4.365932e-07
4.159774e-07
3.873603e-07
4.744980e-07
4.544617e-07
4.244893e-07
3.987074e-07
3.745362e-07
3.491815e-07
4.392788e-07
4.095104e-07
3.830516e-07
3.579524e-07
3.407371e-07
3.179631e-07
4.013949e-07
3.766743e-07
3.572242e-07
3.335981e-07
3.103437e-07
2.904143e-07
3.746086e-07
3.482760e-07
3.305424e-07
3.046610e-07
2.838325e-07
2.693095e-07
3.472674e-07
3.193967e-07
3.002629e-07
2.807666e-07
2.629893e-07
2.494109e-07
