4.429132e-06
4.383355e-06
4.177064e-06
4.155550e-06
4.011708e-06
3.875045e-06
3.364087e-06
3.343837e-06
3.299562e-06
3.166198e-06
3.099797e-06
2.878107e-06
2.721462e-06
2.637026e-06
2.529826e-06
2.488302e-06
2.387523e-06
2.358793e-06
2.156686e-06
2.143529e-06
2.095407e-06
2.003967e-06
1.950168e-06
1.855197e-06
1.817412e-06
1.756111e-06
1.677010e-06
1.640850e-06
1.599235e-06
1.493584e-06
1.514632e-06
1.487225e-06
1.434586e-06
1.370534e-06
1.312187e-06
1.272627e-06
1.297705e-06
1.272808e-06
1.216189e-06
1.171178e-06
1.109005e-06
1.071474e-06
1.108469e-06
1.084980e-06
1.042049e-06
1.019390e-06
9.417755e-07
9.203817e-07
9.701573e-07
9.531336e-07
9.150688e-07
8.743113e-07
8.341322e-07
8.006773e-07
8.639426e-07
8.339719e-07
8.023677e-07
7.706495e-07
7.275570e-07
6.998833e-07
7.751606e-07
7.377799e-07
7.196366e-07
6.782059e-07
6.475065e-07
6.163577e-07
7.051472e-07
6.625043e-07
6.430643e-07
6.113378e-07
5.731548e-07
5.424706e-07
6.258932e-07
5.911282e-07
5.730425e-07
5.444288e-07
5.054265e-07
4.875740e-07
5.686583e-07
5.476908e-07
5.157080e-07
4.914551e-07
4.610520e-07
4.371560e-07
5.163613e-07
4.954340e-07
4.772961e-07
4.417870e-07
4.207034e-07
3.972507e-07
4.755859e-07
4.533748e-07
4.285873e-07
4.012341e-07
3.758427e-07
3.546849e-07
4.377854e-07
4.200172e-07
3.845153e-07
3.644757e-07
3.421635e-07
3.265698e-07
4.060167e-07
3.764452e-07
3.505813e-07
3.318299e-07
3.120516e-07
2.966933e-07
3.751972e-07
3.482341e-07
3.265484e-07
3.050668e-07
2.876050e-07
2.745579e-07
3.470816e-07
3.232444e-07
3.019920e-07
2.845933e-07
2.631837e-07
2.510560e-07
