4.528701e-06
4.345624e-06
4.293038e-06
4.138209e-06
4.031160e-06
3.871395e-06
3.374194e-06
3.262844e-06
3.216046e-06
3.192822e-06
3.120249e-06
2.960065e-06
2.650179e-06
2.602365e-06
2.578075e-06
2.498105e-06
2.360614e-06
2.268456e-06
2.171128e-06
2.096477e-06
2.048252e-06
1.974981e-06
1.921961e-06
1.826104e-06
1.801639e-06
1.737906e-06
1.722606e-06
1.641150e-06
1.606169e-06
1.523195e-06
1.519457e-06
1.472302e-06
1.439808e-06
1.403577e-06
1.320652e-06
1.286116e-06
1.310394e-06
1.277671e-06
1.237317e-06
1.214763e-06
1.138754e-06
1.094266e-06
1.125206e-06
1.103630e-06
1.058828e-06
1.038021e-06
9.839575e-07
9.356296e-07
9.716323e-07
9.693855e-07
9.252555e-07
8.918297e-07
8.360863e-07
8.030363e-07
8.587596e-07
8.312062e-07
8.062338e-07
7.798117e-07
7.363943e-07
6.905985e-07
7.751004e-07
7.339439e-07
7.093574e-07
6.792625e-07
6.494322e-07
6.067396e-07
6.906146e-07
6.583868e-07
6.281629e-07
5.982413e-07
5.779163e-07
5.324340e-07
6.235914e-07
5.854508e-07
5.665436e-07
5.344095e-07
5.110368e-07
4.712991e-07
5.625059e-07
5.449172e-07
5.162736e-07
4.844045e-07
4.603611e-07
4.202154e-07
5.195644e-07
4.947363e-07
4.775742e-07
4.356826e-07
4.116519e-07
3.829780e-07
4.728871e-07
4.546258e-07
4.250655e-07
3.953730e-07
3.742141e-07
3.471145e-07
4.358027e-07
4.161502e-07
3.847467e-07
3.627078e-07
3.431350e-07
3.170550e-07
4.038796e-07
3.800246e-07
3.546481e-07
3.340492e-07
3.176047e-07
2.944832e-07
3.751436e-07
3.537373e-07
3.263937e-07
3.027470e-07
2.899784e-07
2.684104e-07
3.474922e-07
3.242489e-07
3.015591e-07
2.795135e-07
2.698348e-07
2.515333e-07
