4.483230e-06
4.393977e-06
4.139929e-06
4.195072e-06
4.106393e-06
3.937697e-06
3.322513e-06
3.342269e-06
3.258925e-06
3.139427e-06
3.136740e-06
3.000627e-06
2.717932e-06
2.619677e-06
2.514617e-06
2.504617e-06
2.423141e-06
2.299210e-06
2.180042e-06
2.129814e-06
2.032645e-06
2.037602e-06
1.957368e-06
1.845794e-06
1.799738e-06
1.748495e-06
1.681315e-06
1.653444e-06
1.606585e-06
1.505259e-06
1.560629e-06
1.462652e-06
1.434224e-06
1.387639e-06
1.330342e-06
1.271287e-06
1.335967e-06
1.269390e-06
1.215818e-06
1.166255e-06
1.123875e-06
1.094603e-06
1.145487e-06
1.086136e-06
1.051472e-06
1.001673e-06
9.762804e-07
9.354999e-07
1.014794e-06
9.820746e-07
9.191392e-07
8.746660e-07
8.452119e-07
8.197268e-07
8.754450e-07
8.415196e-07
8.093635e-07
7.701005e-07
7.413569e-07
7.094764e-07
7.656496e-07
7.434569e-07
7.282148e-07
6.839147e-07
6.518462e-07
6.189200e-07
6.908348e-07
6.758173e-07
6.496604e-07
6.029277e-07
5.794170e-07
5.381608e-07
6.229419e-07
6.019787e-07
5.681338e-07
5.504805e-07
5.156481e-07
4.773493e-07
5.677292e-07
5.403934e-07
5.167999e-07
4.838822e-07
4.609350e-07
4.230969e-07
5.136202e-07
4.908980e-07
4.633653e-07
4.375916e-07
4.078890e-07
3.791165e-07
4.680076e-07
4.473250e-07
4.210149e-07
3.969873e-07
3.759996e-07
3.484976e-07
4.350840e-07
4.058142e-07
3.869693e-07
3.618903e-07
3.387390e-07
3.205465e-07
3.953827e-07
3.748786e-07
3.586081e-07
3.318215e-07
3.099618e-07
2.970641e-07
3.764144e-07
3.518540e-07
3.328030e-07
3.061719e-07
2.886812e-07
2.702121e-07
3.430438e-07
3.193702e-07
3.050843e-07
2.772350e-07
2.647324e-07
2.519602e-07
