1.517150e-06
1.482994e-06
1.472213e-06
1.361353e-06
1.330279e-06
1.289782e-06
9.206306e-07
9.189070e-07
8.480554e-07
8.183894e-07
8.028299e-07
7.703266e-07
6.430414e-07
6.297016e-07
6.145021e-07
5.998071e-07
5.473969e-07
5.037229e-07
4.981466e-07
4.305676e-07
4.321137e-07
4.248836e-07
3.920352e-07
3.677991e-07
3.492111e-07
3.356932e-07
3.128574e-07
2.996013e-07
3.028916e-07
2.786434e-07
2.678553e-07
2.609251e-07
2.428642e-07
2.346674e-07
2.261428e-07
2.096919e-07
2.219339e-07
2.140998e-07
2.039770e-07
1.899397e-07
1.841083e-07
1.724732e-07
1.863074e-07
1.837633e-07
1.675387e-07
1.519590e-07
1.481919e-07
1.401324e-07
1.506562e-07
1.453292e-07
1.387347e-07
1.324372e-07
1.238791e-07
1.163158e-07
1.319026e-07
1.257727e-07
1.188236e-07
1.089535e-07
1.063418e-07
9.607883e-08
