4.494523e-06
4.380161e-06
4.287710e-06
4.040760e-06
4.034824e-06
3.857401e-06
3.500044e-06
3.334868e-06
3.280033e-06
3.103215e-06
3.023187e-06
3.034174e-06
2.701130e-06
2.641315e-06
2.597433e-06
2.452122e-06
2.368387e-06
2.298306e-06
2.179203e-06
2.139078e-06
2.103735e-06
1.964742e-06
1.961592e-06
1.846356e-06
1.832926e-06
1.757404e-06
1.704432e-06
1.655344e-06
1.606233e-06
1.510735e-06
1.569832e-06
1.473572e-06
1.428075e-06
1.378432e-06
1.325711e-06
1.288173e-06
1.341319e-06
1.266871e-06
1.238079e-06
1.170133e-06
1.132703e-06
1.107320e-06
1.144465e-06
1.093413e-06
1.057849e-06
1.008597e-06
9.799319e-07
9.407586e-07
9.929719e-07
9.753708e-07
9.159032e-07
8.858680e-07
8.413539e-07
7.962444e-07
8.673675e-07
8.481296e-07
8.137255e-07
7.537389e-07
7.340170e-07
6.863564e-07
7.850485e-07
7.461707e-07
7.027944e-07
6.690510e-07
6.340919e-07
6.136811e-07
6.932785e-07
6.642345e-07
6.170045e-07
5.931971e-07
5.749388e-07
5.393828e-07
6.315108e-07
5.902765e-07
5.569248e-07
5.342975e-07
5.117818e-07
4.836485e-07
5.681843e-07
5.319224e-07
5.037290e-07
4.793878e-07
4.673395e-07
4.352673e-07
5.171486e-07
4.854523e-07
4.571167e-07
4.380380e-07
4.160176e-07
3.950130e-07
4.772013e-07
4.467946e-07
4.171199e-07
3.975039e-07
3.772573e-07
3.562342e-07
4.395479e-07
4.110067e-07
3.854085e-07
3.602855e-07
3.391153e-07
3.185470e-07
3.987546e-07
3.762291e-07
3.611820e-07
3.260910e-07
3.068284e-07
2.901326e-07
3.708575e-07
3.502493e-07
3.347406e-07
3.001971e-07
2.833269e-07
2.671938e-07
3.447461e-07
3.244947e-07
3.054138e-07
2.824046e-07
2.630850e-07
2.463716e-07
