4.476538e-06
4.461066e-06
4.302032e-06
4.208274e-06
4.078058e-06
3.947833e-06
3.464165e-06
3.448190e-06
3.303301e-06
3.262462e-06
3.142785e-06
2.958748e-06
2.701764e-06
2.614099e-06
2.585927e-06
2.559701e-06
2.464110e-06
2.366393e-06
2.149173e-06
2.110897e-06
2.054445e-06
2.068739e-06
1.990590e-06
1.881961e-06
1.791585e-06
1.727848e-06
1.700309e-06
1.641954e-06
1.566909e-06
1.516944e-06
1.508080e-06
1.490583e-06
1.425096e-06
1.401933e-06
1.344275e-06
1.258707e-06
1.329402e-06
1.270509e-06
1.243040e-06
1.183275e-06
1.131598e-06
1.079376e-06
1.156397e-06
1.099311e-06
1.051652e-06
1.004530e-06
9.608952e-07
9.121018e-07
1.017072e-06
9.598768e-07
9.201155e-07
8.700642e-07
8.387337e-07
7.915845e-07
8.960107e-07
8.494361e-07
8.164417e-07
7.577018e-07
7.280448e-07
7.019303e-07
7.847961e-07
7.399561e-07
7.202829e-07
6.735092e-07
6.405961e-07
6.073280e-07
6.897227e-07
6.589741e-07
6.360111e-07
5.937148e-07
5.750286e-07
5.364847e-07
6.242377e-07
5.887581e-07
5.766932e-07
5.369023e-07
4.977706e-07
4.756236e-07
5.675865e-07
5.372453e-07
5.186403e-07
4.818699e-07
4.516645e-07
4.333832e-07
5.183489e-07
4.935556e-07
4.707939e-07
4.379755e-07
4.134436e-07
3.907968e-07
4.764211e-07
4.551059e-07
4.244873e-07
3.948371e-07
3.718495e-07
3.542433e-07
4.357121e-07
4.137578e-07
3.882348e-07
3.529712e-07
3.383126e-07
3.236448e-07
4.088216e-07
3.792946e-07
3.532157e-07
3.291423e-07
3.087599e-07
2.955216e-07
3.683337e-07
3.446274e-07
3.258149e-07
3.030281e-07
2.857095e-07
2.687037e-07
3.443122e-07
3.180981e-07
3.044907e-07
2.825126e-07
2.627280e-07
2.476660e-07
