4.541523e-06
4.444091e-06
4.296343e-06
4.206581e-06
4.018989e-06
3.899051e-06
3.447359e-06
3.410091e-06
3.241547e-06
3.193180e-06
3.064818e-06
2.975284e-06
2.730302e-06
2.690750e-06
2.624454e-06
2.488712e-06
2.424149e-06
2.336129e-06
2.179087e-06
2.154356e-06
2.067086e-06
2.003789e-06
1.945687e-06
1.878806e-06
1.770679e-06
1.789337e-06
1.710544e-06
1.663717e-06
1.585643e-06
1.512640e-06
1.486466e-06
1.500682e-06
1.439236e-06
1.390237e-06
1.328666e-06
1.282451e-06
1.276160e-06
1.260864e-06
1.214765e-06
1.171147e-06
1.103453e-06
1.086895e-06
1.135761e-06
1.092849e-06
1.044160e-06
9.911720e-07
9.585286e-07
9.481426e-07
1.007902e-06
9.537200e-07
9.227731e-07
8.783627e-07
8.315589e-07
8.137406e-07
8.698298e-07
8.432866e-07
8.071917e-07
7.574770e-07
7.183050e-07
6.992690e-07
7.804461e-07
7.394536e-07
7.239838e-07
6.787492e-07
6.470611e-07
6.131436e-07
6.842134e-07
6.736028e-07
6.410619e-07
6.004860e-07
5.662983e-07
5.404107e-07
6.319399e-07
6.075910e-07
5.808593e-07
5.363074e-07
5.109534e-07
4.813835e-07
5.662924e-07
5.409341e-07
5.140816e-07
4.867602e-07
4.551506e-07
4.315706e-07
5.115566e-07
4.918137e-07
4.668794e-07
4.408619e-07
4.046362e-07
3.925458e-07
4.696888e-07
4.462217e-07
4.296786e-07
3.973534e-07
3.715671e-07
3.575741e-07
4.314146e-07
4.080272e-07
3.897034e-07
3.650837e-07
3.407869e-07
3.214296e-07
4.016275e-07
3.840366e-07
3.525106e-07
3.320983e-07
3.137915e-07
2.968201e-07
3.726335e-07
3.513641e-07
3.304616e-07
3.123953e-07
2.905396e-07
2.718040e-07
3.436874e-07
3.244256e-07
2.996291e-07
2.856725e-07
2.656398e-07
2.483213e-07
