4.445184e-06
4.271511e-06
4.153531e-06
4.214123e-06
3.916231e-06
3.913196e-06
3.392323e-06
3.304791e-06
3.244643e-06
3.180608e-06
3.076907e-06
3.020713e-06
2.705992e-06
2.587305e-06
2.522214e-06
2.491392e-06
2.477959e-06
2.286172e-06
2.217113e-06
2.095572e-06
2.070346e-06
2.023993e-06
1.946826e-06
1.861610e-06
1.829078e-06
1.739768e-06
1.711594e-06
1.655317e-06
1.611695e-06
1.531196e-06
1.511788e-06
1.519486e-06
1.437813e-06
1.371453e-06
1.347515e-06
1.272168e-06
1.333747e-06
1.274012e-06
1.218099e-06
1.174178e-06
1.105414e-06
1.069624e-06
1.140000e-06
1.111323e-06
1.063909e-06
9.985185e-07
9.572003e-07
9.138289e-07
1.004790e-06
9.562313e-07
9.268151e-07
8.743170e-07
8.320079e-07
7.847159e-07
8.730265e-07
8.379639e-07
8.078094e-07
7.819375e-07
7.334856e-07
6.897648e-07
7.793716e-07
7.420652e-07
7.080179e-07
6.703648e-07
6.404241e-07
6.128248e-07
6.987344e-07
6.668385e-07
6.372533e-07
5.928672e-07
5.719183e-07
5.373807e-07
6.270824e-07
6.027685e-07
5.699065e-07
5.316395e-07
5.092390e-07
4.832931e-07
5.740731e-07
5.460352e-07
5.163539e-07
4.820420e-07
4.564540e-07
4.331494e-07
5.300830e-07
4.976091e-07
4.700996e-07
4.361127e-07
4.098570e-07
3.911353e-07
4.816947e-07
4.540930e-07
4.218903e-07
4.045627e-07
3.733797e-07
3.510608e-07
4.499404e-07
4.167872e-07
3.904889e-07
3.656827e-07
3.397225e-07
3.202465e-07
4.099642e-07
3.795874e-07
3.559914e-07
3.322094e-07
3.126672e-07
2.986981e-07
3.750384e-07
3.478003e-07
3.290724e-07
3.050126e-07
2.900208e-07
2.717821e-07
3.458647e-07
3.205794e-07
2.995459e-07
2.828856e-07
2.648985e-07
2.548926e-07
