4.465603e-06
4.384532e-06
4.255606e-06
4.140242e-06
4.012677e-06
3.860559e-06
3.448637e-06
3.427589e-06
3.299233e-06
3.193615e-06
3.105870e-06
2.925234e-06
2.744657e-06
2.676091e-06
2.635761e-06
2.523850e-06
2.440736e-06
2.330503e-06
2.154781e-06
2.147125e-06
2.112418e-06
2.002405e-06
1.984020e-06
1.913512e-06
1.781669e-06
1.771070e-06
1.706262e-06
1.664216e-06
1.601533e-06
1.558356e-06
1.501726e-06
1.470188e-06
1.445336e-06
1.362017e-06
1.355595e-06
1.268741e-06
1.293262e-06
1.259990e-06
1.227613e-06
1.174472e-06
1.140400e-06
1.084246e-06
1.127661e-06
1.093436e-06
1.053999e-06
1.014475e-06
9.612443e-07
9.378240e-07
9.746129e-07
9.525863e-07
9.048100e-07
8.896447e-07
8.285640e-07
8.032183e-07
8.627505e-07
8.515421e-07
8.104035e-07
7.619051e-07
7.197246e-07
6.961907e-07
7.695787e-07
7.509541e-07
7.070192e-07
6.887276e-07
6.352415e-07
6.123717e-07
6.857187e-07
6.814571e-07
6.268938e-07
6.085413e-07
5.646426e-07
5.444991e-07
6.209386e-07
6.105564e-07
5.668151e-07
5.365015e-07
5.070470e-07
4.852686e-07
5.723897e-07
5.443656e-07
5.078241e-07
4.839761e-07
4.552834e-07
4.366397e-07
5.217632e-07
5.031641e-07
4.672669e-07
4.411585e-07
4.128979e-07
3.935193e-07
4.761628e-07
4.550784e-07
4.234005e-07
3.995434e-07
3.773851e-07
3.573708e-07
4.408818e-07
4.111678e-07
3.807445e-07
3.640853e-07
3.432246e-07
3.250046e-07
4.034040e-07
3.824246e-07
3.527333e-07
3.364295e-07
3.143412e-07
2.938988e-07
3.695915e-07
3.550367e-07
3.253686e-07
3.085168e-07
2.832363e-07
2.686594e-07
3.409134e-07
3.276737e-07
3.009313e-07
2.837969e-07
2.641114e-07
2.480937e-07
