4.521708e-06
4.427430e-06
4.344142e-06
4.184921e-06
4.092807e-06
3.997465e-06
3.284024e-06
3.250031e-06
3.288700e-06
3.168923e-06
3.101183e-06
3.018663e-06
2.686628e-06
2.685506e-06
2.610918e-06
2.511805e-06
2.431463e-06
2.388188e-06
2.203127e-06
2.146398e-06
2.119591e-06
1.999730e-06
1.954797e-06
1.892315e-06
1.864170e-06
1.767419e-06
1.734655e-06
1.659746e-06
1.621855e-06
1.536555e-06
1.524008e-06
1.461597e-06
1.436585e-06
1.401965e-06
1.341939e-06
1.287757e-06
1.295122e-06
1.257417e-06
1.225083e-06
1.182452e-06
1.153434e-06
1.073715e-06
1.144149e-06
1.076149e-06
1.050286e-06
1.032359e-06
9.765320e-07
9.282730e-07
9.922695e-07
9.396494e-07
9.247579e-07
8.836088e-07
8.444612e-07
7.946074e-07
8.788118e-07
8.346143e-07
8.076163e-07
7.648968e-07
7.277594e-07
6.874840e-07
7.767786e-07
7.252543e-07
7.221768e-07
6.851080e-07
6.496967e-07
6.012893e-07
6.986768e-07
6.626972e-07
6.456251e-07
6.049340e-07
5.758880e-07
5.372517e-07
6.268362e-07
5.971810e-07
5.787096e-07
5.415762e-07
5.039893e-07
4.799195e-07
5.667043e-07
5.421674e-07
5.199309e-07
4.808365e-07
4.538209e-07
4.221682e-07
5.210326e-07
4.906065e-07
4.671979e-07
4.349188e-07
4.102520e-07
3.866151e-07
4.721879e-07
4.479044e-07
4.232215e-07
3.975457e-07
3.690830e-07
3.567961e-07
4.308654e-07
4.137442e-07
3.865680e-07
3.672778e-07
3.405094e-07
3.239013e-07
4.023118e-07
3.777067e-07
3.535868e-07
3.372003e-07
3.131912e-07
2.976392e-07
3.743006e-07
3.541988e-07
3.244960e-07
3.091489e-07
2.848730e-07
2.769873e-07
3.495871e-07
3.267151e-07
3.062046e-07
2.815958e-07
2.658905e-07
2.534046e-07
