1.447410e-06
1.400236e-06
1.344853e-06
1.443051e-06
1.372939e-06
1.331373e-06
8.684526e-07
8.820593e-07
8.990607e-07
8.395313e-07
8.263401e-07
7.595853e-07
6.101770e-07
5.827968e-07
5.788213e-07
5.824931e-07
5.569586e-07
5.093627e-07
4.730639e-07
4.359694e-07
4.396340e-07
4.045942e-07
3.898622e-07
3.825238e-07
3.653288e-07
3.477371e-07
3.208520e-07
2.910526e-07
2.914550e-07
2.779839e-07
2.863846e-07
2.669640e-07
2.509752e-07
2.366159e-07
2.233835e-07
2.221743e-07
2.323229e-07
2.141684e-07
2.014606e-07
1.848376e-07
1.753697e-07
1.780889e-07
1.970526e-07
1.806870e-07
1.664142e-07
1.486996e-07
1.447185e-07
1.405699e-07
1.675544e-07
1.527631e-07
1.384590e-07
1.303733e-07
1.178190e-07
1.160358e-07
1.420394e-07
1.303578e-07
1.192020e-07
1.109334e-07
9.948023e-08
9.734426e-08
