1.506842e-06
1.476156e-06
1.399492e-06
1.333546e-06
1.250793e-06
1.208290e-06
9.225736e-07
8.861564e-07
8.866871e-07
8.629443e-07
8.094634e-07
7.593014e-07
6.268441e-07
6.225016e-07
6.162634e-07
5.586418e-07
5.503359e-07
4.897259e-07
4.520996e-07
4.508683e-07
4.455469e-07
4.052536e-07
3.820652e-07
3.660722e-07
3.408484e-07
3.369785e-07
3.304277e-07
3.089373e-07
2.852550e-07
2.879574e-07
2.696043e-07
2.646647e-07
2.509414e-07
2.430222e-07
2.255548e-07
2.175922e-07
2.117066e-07
2.141161e-07
2.027453e-07
1.974708e-07
1.865051e-07
1.731359e-07
1.807017e-07
1.725136e-07
1.660738e-07
1.566915e-07
1.537445e-07
1.436767e-07
1.580911e-07
1.449557e-07
1.385622e-07
1.266890e-07
1.242097e-07
1.131789e-07
1.414374e-07
1.300434e-07
1.187264e-07
1.091334e-07
1.027204e-07
9.677374e-08
