1.511894e-06
1.571917e-06
1.393688e-06
1.373382e-06
1.406664e-06
1.344898e-06
9.357725e-07
8.913028e-07
8.991275e-07
8.838810e-07
8.271191e-07
7.941436e-07
6.531897e-07
6.424748e-07
5.822242e-07
5.834925e-07
5.509886e-07
5.334401e-07
4.723667e-07
4.549185e-07
4.369838e-07
4.110424e-07
3.998990e-07
3.757280e-07
3.466596e-07
3.468953e-07
3.353155e-07
3.085780e-07
3.008222e-07
2.751363e-07
2.800250e-07
2.710932e-07
2.745141e-07
2.457538e-07
2.269756e-07
2.122390e-07
2.218928e-07
2.181777e-07
2.048591e-07
2.025523e-07
1.788486e-07
1.750453e-07
1.809090e-07
1.774094e-07
1.698379e-07
1.602480e-07
1.474374e-07
1.424518e-07
1.581330e-07
1.506243e-07
1.426738e-07
1.333671e-07
1.258806e-07
1.175402e-07
1.357193e-07
1.237213e-07
1.153527e-07
1.095174e-07
1.050439e-07
9.937254e-08
