1.460104e-06
1.449054e-06
1.369322e-06
1.454533e-06
1.372151e-06
1.258727e-06
9.567865e-07
8.968982e-07
8.775618e-07
7.932562e-07
8.384565e-07
8.136688e-07
6.250372e-07
6.091794e-07
5.591716e-07
5.745915e-07
5.293631e-07
5.291633e-07
4.459911e-07
4.311756e-07
4.474549e-07
4.268719e-07
4.154120e-07
4.069423e-07
3.309794e-07
3.286097e-07
3.258256e-07
3.213725e-07
3.004402e-07
2.767787e-07
2.684135e-07
2.635402e-07
2.564536e-07
2.464692e-07
2.252751e-07
2.151647e-07
2.178935e-07
2.114126e-07
1.993590e-07
1.896144e-07
1.754772e-07
1.663087e-07
1.835492e-07
1.739338e-07
1.690927e-07
1.580186e-07
1.436703e-07
1.407202e-07
1.604237e-07
1.477968e-07
1.363533e-07
1.316651e-07
1.232010e-07
1.109197e-07
1.342898e-07
1.266371e-07
1.169883e-07
1.101517e-07
1.049264e-07
9.662142e-08
