4.483246e-06
4.391429e-06
4.302265e-06
4.138052e-06
4.108282e-06
4.106984e-06
3.424886e-06
3.326489e-06
3.231879e-06
3.178972e-06
3.111632e-06
3.052284e-06
2.664686e-06
2.699121e-06
2.557830e-06
2.519854e-06
2.405542e-06
2.383973e-06
2.161495e-06
2.146672e-06
2.091236e-06
2.028687e-06
1.938149e-06
1.895460e-06
1.761007e-06
1.772915e-06
1.746284e-06
1.707573e-06
1.606176e-06
1.518584e-06
1.528687e-06
1.499731e-06
1.435651e-06
1.386832e-06
1.336092e-06
1.256910e-06
1.294098e-06
1.278971e-06
1.228554e-06
1.187478e-06
1.142330e-06
1.067262e-06
1.156024e-06
1.097962e-06
1.055771e-06
1.026326e-06
9.723227e-07
9.229639e-07
9.913267e-07
9.374465e-07
9.230857e-07
8.835153e-07
8.357231e-07
8.062272e-07
8.874323e-07
8.395648e-07
8.079101e-07
7.611128e-07
7.250423e-07
7.027292e-07
7.920251e-07
7.452363e-07
7.209215e-07
6.674376e-07
6.387263e-07
6.185289e-07
7.011961e-07
6.544929e-07
6.350185e-07
5.933586e-07
5.741419e-07
5.475893e-07
6.225601e-07
5.915601e-07
5.725129e-07
5.345440e-07
5.106510e-07
4.841243e-07
5.648441e-07
5.414678e-07
5.092431e-07
4.778057e-07
4.563815e-07
4.279180e-07
5.241805e-07
4.945467e-07
4.648129e-07
4.369299e-07
4.123121e-07
3.882284e-07
4.758607e-07
4.446383e-07
4.293635e-07
3.969616e-07
3.782679e-07
3.511435e-07
4.331834e-07
4.160701e-07
3.926437e-07
3.611078e-07
3.390348e-07
3.222126e-07
3.999808e-07
3.793766e-07
3.569898e-07
3.306272e-07
3.119538e-07
2.925491e-07
3.750674e-07
3.512064e-07
3.265773e-07
3.043614e-07
2.839055e-07
2.672127e-07
3.450680e-07
3.236784e-07
2.991631e-07
2.795575e-07
2.629502e-07
2.462084e-07
