1.516222e-06
1.450475e-06
1.452916e-06
1.328430e-06
1.322918e-06
1.369377e-06
8.834030e-07
9.168385e-07
8.400933e-07
8.179793e-07
8.061611e-07
7.661845e-07
5.926040e-07
6.014587e-07
5.696218e-07
5.463175e-07
5.440958e-07
5.323764e-07
4.743006e-07
4.461362e-07
4.195804e-07
4.189203e-07
3.998191e-07
3.816079e-07
3.445916e-07
3.410980e-07
3.211175e-07
3.066563e-07
2.933428e-07
2.852456e-07
2.646499e-07
2.719717e-07
2.521357e-07
2.489235e-07
2.320113e-07
2.092123e-07
2.158871e-07
2.114970e-07
2.087824e-07
1.952936e-07
1.833088e-07
1.675741e-07
1.806716e-07
1.715122e-07
1.679957e-07
1.571263e-07
1.452644e-07
1.398127e-07
1.614118e-07
1.462183e-07
1.386802e-07
1.328608e-07
1.226744e-07
1.121125e-07
1.337323e-07
1.263093e-07
1.160795e-07
1.120048e-07
1.020573e-07
9.488438e-08
