1.503237e-06
1.504481e-06
1.358160e-06
1.325213e-06
1.435330e-06
1.359045e-06
9.528268e-07
8.782183e-07
9.037149e-07
8.459439e-07
8.334321e-07
7.504343e-07
6.249181e-07
6.033696e-07
5.938053e-07
5.665765e-07
5.477095e-07
5.382940e-07
4.501538e-07
4.667954e-07
4.507107e-07
4.096418e-07
3.898143e-07
3.633485e-07
3.499757e-07
3.503363e-07
3.277122e-07
3.046278e-07
2.935266e-07
2.763326e-07
2.868530e-07
2.701226e-07
2.529192e-07
2.391378e-07
2.284395e-07
2.153247e-07
2.288922e-07
2.207120e-07
1.996890e-07
1.919668e-07
1.804027e-07
1.730311e-07
1.865804e-07
1.740727e-07
1.663778e-07
1.572642e-07
1.484914e-07
1.390749e-07
1.596311e-07
1.496500e-07
1.399640e-07
1.297387e-07
1.208487e-07
1.156529e-07
1.323502e-07
1.278816e-07
1.184813e-07
1.092680e-07
1.050268e-07
9.783464e-08
