1.470823e-06
1.492988e-06
1.392250e-06
1.437308e-06
1.262440e-06
1.317842e-06
9.130699e-07
8.776791e-07
8.689299e-07
8.612090e-07
8.272362e-07
7.888451e-07
6.517905e-07
6.215182e-07
6.003266e-07
6.087464e-07
5.550294e-07
5.330824e-07
4.621499e-07
4.514829e-07
4.255971e-07
4.038622e-07
3.875592e-07
3.577870e-07
3.500367e-07
3.420989e-07
3.259945e-07
3.068841e-07
2.929530e-07
2.733405e-07
2.947817e-07
2.640293e-07
2.488664e-07
2.279194e-07
2.293840e-07
2.111770e-07
2.242480e-07
2.191236e-07
2.019881e-07
1.880476e-07
1.774962e-07
1.712203e-07
1.795371e-07
1.803104e-07
1.737607e-07
1.531864e-07
1.474907e-07
1.402732e-07
1.577610e-07
1.498925e-07
1.378902e-07
1.313856e-07
1.215106e-07
1.154024e-07
1.344041e-07
1.263702e-07
1.158588e-07
1.095234e-07
9.852241e-08
9.333008e-08
