4.521683e-06
4.413892e-06
4.350012e-06
4.162864e-06
4.024005e-06
3.921246e-06
3.587034e-06
3.362671e-06
3.247535e-06
3.151477e-06
3.118749e-06
3.032638e-06
2.747286e-06
2.662431e-06
2.568355e-06
2.501358e-06
2.432610e-06
2.347362e-06
2.227649e-06
2.104708e-06
2.050583e-06
2.017762e-06
1.951534e-06
1.904302e-06
1.788574e-06
1.745416e-06
1.716803e-06
1.657535e-06
1.610192e-06
1.542867e-06
1.518317e-06
1.448999e-06
1.439125e-06
1.393970e-06
1.355216e-06
1.265341e-06
1.307735e-06
1.260618e-06
1.242501e-06
1.216979e-06
1.159574e-06
1.100345e-06
1.124707e-06
1.096968e-06
1.061291e-06
1.028136e-06
9.828414e-07
9.255057e-07
1.008908e-06
9.461820e-07
9.222061e-07
8.871485e-07
8.530465e-07
7.960063e-07
8.829128e-07
8.366462e-07
8.178568e-07
7.625903e-07
7.346865e-07
6.871211e-07
7.688231e-07
7.338906e-07
7.144036e-07
6.766836e-07
6.439408e-07
6.060332e-07
6.834977e-07
6.568318e-07
6.293562e-07
6.095945e-07
5.672811e-07
5.428287e-07
6.174722e-07
5.947546e-07
5.595695e-07
5.311553e-07
5.060786e-07
4.866058e-07
5.633283e-07
5.343048e-07
5.044697e-07
4.820653e-07
4.580125e-07
4.371327e-07
5.163513e-07
4.900878e-07
4.605311e-07
4.360779e-07
4.134272e-07
3.891601e-07
4.678667e-07
4.487199e-07
4.233292e-07
3.994208e-07
3.750410e-07
3.538199e-07
4.284990e-07
4.080574e-07
3.869063e-07
3.634186e-07
3.458741e-07
3.175220e-07
3.980835e-07
3.750951e-07
3.555992e-07
3.381661e-07
3.170243e-07
2.906781e-07
3.716013e-07
3.456772e-07
3.253016e-07
3.089440e-07
2.887483e-07
2.684157e-07
3.459264e-07
3.228536e-07
3.027006e-07
2.832931e-07
2.664457e-07
2.513762e-07
