4.439514e-06
4.405094e-06
4.258035e-06
4.242170e-06
4.142610e-06
3.861229e-06
3.355750e-06
3.319183e-06
3.249252e-06
3.257947e-06
3.102157e-06
3.028893e-06
2.679003e-06
2.567411e-06
2.529770e-06
2.522236e-06
2.442055e-06
2.329030e-06
2.161552e-06
2.113212e-06
2.052506e-06
2.037467e-06
1.960418e-06
1.875995e-06
1.814271e-06
1.737539e-06
1.725782e-06
1.655031e-06
1.603281e-06
1.548670e-06
1.535208e-06
1.507348e-06
1.428654e-06
1.379705e-06
1.352779e-06
1.284841e-06
1.321133e-06
1.288933e-06
1.235348e-06
1.193063e-06
1.130368e-06
1.077554e-06
1.125607e-06
1.095379e-06
1.048330e-06
1.021434e-06
9.629611e-07
9.013783e-07
9.967913e-07
9.527457e-07
9.060680e-07
8.867477e-07
8.363466e-07
7.789297e-07
8.727386e-07
8.426442e-07
8.045817e-07
7.788329e-07
7.351313e-07
6.834322e-07
7.830127e-07
7.489184e-07
7.250747e-07
6.819288e-07
6.431193e-07
6.033218e-07
7.159444e-07
6.782576e-07
6.334564e-07
6.078688e-07
5.661216e-07
5.280959e-07
6.434507e-07
6.064261e-07
5.667195e-07
5.419712e-07
5.021175e-07
4.788285e-07
5.726574e-07
5.457933e-07
5.072742e-07
4.858490e-07
4.515433e-07
4.266848e-07
5.188524e-07
4.903108e-07
4.641533e-07
4.358099e-07
4.048469e-07
3.808106e-07
4.805418e-07
4.517395e-07
4.189696e-07
3.958666e-07
3.656504e-07
3.463845e-07
4.454940e-07
4.082958e-07
3.841491e-07
3.651240e-07
3.356338e-07
3.128643e-07
4.110770e-07
3.726056e-07
3.568637e-07
3.339346e-07
3.082303e-07
2.875273e-07
3.770938e-07
3.426339e-07
3.263599e-07
3.103791e-07
2.879210e-07
2.677409e-07
3.493032e-07
3.183088e-07
3.025587e-07
2.860361e-07
2.681046e-07
2.500694e-07
