1.520846e-06
1.390760e-06
1.340469e-06
1.362035e-06
1.291355e-06
1.320333e-06
9.279907e-07
9.069646e-07
9.052507e-07
8.400472e-07
8.348154e-07
7.980067e-07
6.329712e-07
5.938454e-07
6.013449e-07
5.771455e-07
5.599811e-07
5.328723e-07
4.649045e-07
4.551973e-07
4.365911e-07
4.014794e-07
4.032319e-07
3.801897e-07
3.417773e-07
3.418142e-07
3.272962e-07
3.118634e-07
3.062259e-07
2.800205e-07
2.652936e-07
2.699603e-07
2.603312e-07
2.467387e-07
2.251992e-07
2.173905e-07
2.206908e-07
2.087514e-07
2.130426e-07
1.994347e-07
1.849413e-07
1.774622e-07
1.869430e-07
1.759548e-07
1.664445e-07
1.626814e-07
1.424786e-07
1.335157e-07
1.611882e-07
1.494933e-07
1.438552e-07
1.346311e-07
1.266017e-07
1.184022e-07
1.365924e-07
1.273868e-07
1.211430e-07
1.072544e-07
1.022170e-07
9.670768e-08
