1.499323e-06
1.573106e-06
1.397578e-06
1.367946e-06
1.288665e-06
1.274261e-06
9.689374e-07
8.903240e-07
8.928018e-07
8.498254e-07
7.936550e-07
7.538403e-07
6.322436e-07
5.968473e-07
5.977084e-07
5.899534e-07
5.513636e-07
5.091999e-07
4.641902e-07
4.558730e-07
4.287822e-07
4.310803e-07
3.661547e-07
3.806156e-07
3.458567e-07
3.365530e-07
3.271738e-07
3.103817e-07
3.008502e-07
2.803686e-07
2.648087e-07
2.581749e-07
2.567611e-07
2.322510e-07
2.235750e-07
2.146343e-07
2.172600e-07
2.041478e-07
2.044755e-07
1.896014e-07
1.815758e-07
1.748304e-07
1.775735e-07
1.756463e-07
1.649946e-07
1.517903e-07
1.430767e-07
1.453425e-07
1.522400e-07
1.472570e-07
1.378246e-07
1.311600e-07
1.173953e-07
1.177799e-07
1.292669e-07
1.242431e-07
1.138633e-07
1.111139e-07
1.024065e-07
1.033671e-07
