1.538836e-06
1.444816e-06
1.366480e-06
1.357917e-06
1.390041e-06
1.360809e-06
9.770009e-07
9.127418e-07
8.707479e-07
8.802366e-07
8.131780e-07
7.751074e-07
6.290319e-07
6.126248e-07
6.150987e-07
5.728462e-07
5.411661e-07
5.280259e-07
4.636903e-07
4.535724e-07
4.316682e-07
3.985434e-07
4.014849e-07
3.834404e-07
3.522268e-07
3.573556e-07
3.250403e-07
3.151590e-07
2.844940e-07
2.846011e-07
2.849082e-07
2.628451e-07
2.522131e-07
2.389281e-07
2.307396e-07
2.230237e-07
2.239990e-07
2.145346e-07
2.013301e-07
1.917945e-07
1.802133e-07
1.781348e-07
1.921542e-07
1.769463e-07
1.646656e-07
1.537249e-07
1.446211e-07
1.387791e-07
1.572138e-07
1.492570e-07
1.360492e-07
1.261571e-07
1.212552e-07
1.175779e-07
1.369569e-07
1.262296e-07
1.193179e-07
1.071665e-07
1.035566e-07
9.789074e-08
