1.519105e-06
1.562451e-06
1.438951e-06
1.339958e-06
1.329676e-06
1.306772e-06
9.110577e-07
9.107493e-07
8.750960e-07
8.073372e-07
8.078358e-07
7.713792e-07
6.384134e-07
6.276350e-07
6.079366e-07
5.600701e-07
5.429613e-07
5.263802e-07
4.479139e-07
4.600282e-07
4.353586e-07
4.065918e-07
3.977732e-07
3.700380e-07
3.535322e-07
3.236811e-07
3.229460e-07
2.982763e-07
2.989678e-07
2.740966e-07
2.676598e-07
2.601978e-07
2.579277e-07
2.264248e-07
2.153083e-07
2.168037e-07
2.252830e-07
2.191249e-07
2.039967e-07
1.885049e-07
1.727575e-07
1.687570e-07
1.843782e-07
1.790014e-07
1.633137e-07
1.505989e-07
1.455436e-07
1.411295e-07
1.575802e-07
1.481943e-07
1.420827e-07
1.280555e-07
1.191391e-07
1.155416e-07
1.380458e-07
1.240492e-07
1.208579e-07
1.093252e-07
1.033945e-07
9.857496e-08
