1.398284e-06
1.348795e-06
1.367551e-06
1.316487e-06
1.262824e-06
1.201355e-06
8.783110e-07
8.868279e-07
8.442187e-07
8.131586e-07
8.093125e-07
7.481160e-07
6.326514e-07
6.107595e-07
5.959969e-07
5.656673e-07
5.563029e-07
5.358608e-07
4.678992e-07
4.546328e-07
4.348224e-07
4.279104e-07
4.027547e-07
3.646647e-07
3.427902e-07
3.373060e-07
3.251694e-07
3.080508e-07
2.917675e-07
2.738513e-07
2.725105e-07
2.688397e-07
2.529032e-07
2.459272e-07
2.261457e-07
2.129452e-07
2.236826e-07
2.146101e-07
1.994790e-07
1.964509e-07
1.821093e-07
1.712946e-07
1.936750e-07
1.777504e-07
1.714671e-07
1.603534e-07
1.467576e-07
1.360806e-07
1.592097e-07
1.544778e-07
1.374844e-07
1.332132e-07
1.218920e-07
1.132864e-07
1.404421e-07
1.290140e-07
1.214767e-07
1.132834e-07
1.041850e-07
9.928927e-08
