1.473790e-06
1.438327e-06
1.440436e-06
1.402645e-06
1.378619e-06
1.297333e-06
8.860536e-07
8.830866e-07
8.623185e-07
7.917865e-07
7.776759e-07
8.189171e-07
6.053260e-07
6.266408e-07
6.106181e-07
5.841221e-07
5.259757e-07
5.149900e-07
4.669946e-07
4.605194e-07
4.436575e-07
4.042154e-07
3.881745e-07
3.840626e-07
3.566751e-07
3.553017e-07
3.356379e-07
3.077700e-07
3.018052e-07
2.839437e-07
2.802570e-07
2.728496e-07
2.535637e-07
2.381868e-07
2.326748e-07
2.164344e-07
2.257874e-07
2.195122e-07
1.948335e-07
1.900925e-07
1.856288e-07
1.702206e-07
1.917368e-07
1.744061e-07
1.714319e-07
1.573233e-07
1.527729e-07
1.383377e-07
1.574939e-07
1.511458e-07
1.385906e-07
1.329773e-07
1.270072e-07
1.156571e-07
1.296322e-07
1.265731e-07
1.193302e-07
1.095076e-07
1.043764e-07
1.005186e-07
