1.447200e-06
1.445094e-06
1.394008e-06
1.358665e-06
1.368559e-06
1.268211e-06
8.744606e-07
9.080065e-07
8.313732e-07
9.198627e-07
7.680295e-07
7.735422e-07
6.426494e-07
6.354462e-07
5.642895e-07
5.965934e-07
5.453419e-07
5.333698e-07
4.763086e-07
4.308047e-07
4.283367e-07
4.363124e-07
3.951697e-07
3.838156e-07
3.564251e-07
3.391076e-07
3.359508e-07
3.155953e-07
2.978470e-07
2.805365e-07
2.903859e-07
2.681329e-07
2.653516e-07
2.435909e-07
2.269673e-07
2.130333e-07
2.273120e-07
2.154966e-07
2.017119e-07
1.911902e-07
1.832809e-07
1.732387e-07
1.918989e-07
1.799113e-07
1.687882e-07
1.534804e-07
1.468913e-07
1.389047e-07
1.506671e-07
1.494145e-07
1.378022e-07
1.260243e-07
1.195563e-07
1.186119e-07
1.360975e-07
1.276775e-07
1.146556e-07
1.074605e-07
1.018372e-07
9.972689e-08
