1.546614e-06
1.427940e-06
1.452410e-06
1.347132e-06
1.290808e-06
1.296996e-06
9.452565e-07
8.484992e-07
8.745647e-07
8.271360e-07
7.752249e-07
8.000628e-07
5.869184e-07
6.362985e-07
6.159321e-07
5.663286e-07
5.650170e-07
5.177822e-07
4.711170e-07
4.655748e-07
4.182353e-07
3.873209e-07
3.770572e-07
3.602508e-07
3.614559e-07
3.411431e-07
3.300971e-07
3.195192e-07
3.120053e-07
2.847338e-07
2.879048e-07
2.690832e-07
2.588575e-07
2.488605e-07
2.408058e-07
2.181762e-07
2.236614e-07
2.195926e-07
2.050684e-07
1.916380e-07
1.866613e-07
1.746668e-07
1.933142e-07
1.781678e-07
1.661445e-07
1.599907e-07
1.504227e-07
1.394616e-07
1.589359e-07
1.487370e-07
1.383609e-07
1.342971e-07
1.231252e-07
1.162739e-07
1.361037e-07
1.311952e-07
1.205484e-07
1.165216e-07
1.054160e-07
1.007888e-07
