1.425365e-06
1.366573e-06
1.357745e-06
1.328270e-06
1.322257e-06
1.304394e-06
8.653136e-07
9.038766e-07
8.751428e-07
8.050788e-07
8.072854e-07
7.737669e-07
6.006949e-07
5.984849e-07
5.846867e-07
5.485989e-07
5.276583e-07
5.304430e-07
4.629705e-07
4.469952e-07
4.345228e-07
4.045617e-07
3.838821e-07
3.688882e-07
3.501729e-07
3.450589e-07
3.277675e-07
3.166873e-07
2.882638e-07
2.754260e-07
2.790520e-07
2.739207e-07
2.602099e-07
2.379723e-07
2.297934e-07
2.088473e-07
2.307613e-07
2.191488e-07
2.013872e-07
1.964783e-07
1.840802e-07
1.694873e-07
1.942439e-07
1.779035e-07
1.683490e-07
1.616242e-07
1.548768e-07
1.314967e-07
1.569631e-07
1.478751e-07
1.338372e-07
1.329500e-07
1.284266e-07
1.085311e-07
1.358657e-07
1.266797e-07
1.173639e-07
1.145533e-07
1.070280e-07
9.707920e-08
