1.445981e-06
1.470534e-06
1.446251e-06
1.415108e-06
1.375564e-06
1.245679e-06
9.212894e-07
8.734386e-07
8.816063e-07
8.123879e-07
8.599993e-07
7.743120e-07
6.301336e-07
6.199699e-07
5.982067e-07
5.925674e-07
5.361427e-07
5.043194e-07
4.736753e-07
4.302068e-07
4.347504e-07
4.112253e-07
3.824443e-07
3.724750e-07
3.554706e-07
3.440871e-07
3.274068e-07
3.013075e-07
2.890557e-07
2.791819e-07
2.739212e-07
2.632487e-07
2.516453e-07
2.442413e-07
2.217340e-07
2.196098e-07
2.274840e-07
2.054830e-07
2.093481e-07
1.923213e-07
1.751710e-07
1.723839e-07
1.924444e-07
1.807400e-07
1.747071e-07
1.600908e-07
1.523299e-07
1.393652e-07
1.655562e-07
1.492966e-07
1.388563e-07
1.293965e-07
1.263805e-07
1.124047e-07
1.402093e-07
1.301335e-07
1.191863e-07
1.111085e-07
1.065195e-07
9.698234e-08
