1.441278e-06
1.488400e-06
1.410478e-06
1.385722e-06
1.367024e-06
1.321577e-06
9.486258e-07
8.871608e-07
8.443580e-07
7.884784e-07
8.322723e-07
8.223922e-07
6.200473e-07
6.115906e-07
5.777689e-07
5.389995e-07
5.338445e-07
5.373276e-07
4.460492e-07
4.451478e-07
4.187085e-07
4.131339e-07
3.936218e-07
3.883973e-07
3.675848e-07
3.351259e-07
3.137711e-07
2.979429e-07
2.853857e-07
2.750644e-07
2.696524e-07
2.588162e-07
2.446332e-07
2.265858e-07
2.174029e-07
2.081245e-07
2.259697e-07
2.162559e-07
1.981689e-07
1.904728e-07
1.707269e-07
1.736549e-07
1.819299e-07
1.765308e-07
1.680398e-07
1.575353e-07
1.496934e-07
1.416330e-07
1.576736e-07
1.517243e-07
1.433043e-07
1.320371e-07
1.233782e-07
1.146577e-07
1.359999e-07
1.238485e-07
1.129882e-07
1.111234e-07
1.045978e-07
9.871791e-08
