1.373755e-06
1.511411e-06
1.427320e-06
1.366074e-06
1.379836e-06
1.327624e-06
1.002604e-06
8.780758e-07
8.136240e-07
8.353067e-07
8.434671e-07
7.581653e-07
5.959213e-07
6.085217e-07
5.938855e-07
5.755652e-07
5.384936e-07
5.379478e-07
4.565791e-07
4.676286e-07
4.427374e-07
4.094921e-07
4.101643e-07
3.892248e-07
3.572871e-07
3.378645e-07
3.251574e-07
3.013461e-07
2.957489e-07
2.939696e-07
2.706490e-07
2.689561e-07
2.456183e-07
2.376795e-07
2.259969e-07
2.261564e-07
2.287340e-07
2.145184e-07
1.994176e-07
1.956528e-07
1.834206e-07
1.752903e-07
1.950418e-07
1.752160e-07
1.648073e-07
1.598314e-07
1.498131e-07
1.400045e-07
1.604639e-07
1.463030e-07
1.374845e-07
1.342710e-07
1.274911e-07
1.164217e-07
1.381627e-07
1.277170e-07
1.176065e-07
1.166991e-07
1.067251e-07
9.878877e-08
