1.380903e-06
1.458286e-06
1.345900e-06
1.386807e-06
1.325698e-06
1.252111e-06
9.654905e-07
9.293416e-07
8.238009e-07
8.180892e-07
8.110911e-07
7.374615e-07
5.855113e-07
5.998794e-07
6.117585e-07
5.783607e-07
5.527028e-07
5.055562e-07
4.649805e-07
4.449426e-07
4.169508e-07
4.200488e-07
3.906620e-07
3.714515e-07
3.620106e-07
3.465615e-07
3.258207e-07
3.252142e-07
2.852775e-07
2.700325e-07
2.744641e-07
2.705731e-07
2.610129e-07
2.376263e-07
2.364856e-07
2.102009e-07
2.313641e-07
2.172359e-07
2.065061e-07
1.905301e-07
1.855082e-07
1.658247e-07
1.889515e-07
1.747691e-07
1.688083e-07
1.540153e-07
1.538469e-07
1.378797e-07
1.607440e-07
1.489518e-07
1.398176e-07
1.305313e-07
1.223783e-07
1.167407e-07
1.350296e-07
1.239366e-07
1.182407e-07
1.114255e-07
1.041509e-07
9.849582e-08
