1.425801e-06
1.436052e-06
1.418975e-06
1.375110e-06
1.248413e-06
1.257346e-06
9.072217e-07
8.751566e-07
8.695666e-07
8.660492e-07
7.586372e-07
7.662952e-07
6.385007e-07
6.293195e-07
5.962147e-07
5.917121e-07
5.391126e-07
5.021423e-07
4.684940e-07
4.659563e-07
4.322601e-07
4.127532e-07
3.950972e-07
3.648055e-07
3.573712e-07
3.507595e-07
3.289446e-07
3.133353e-07
2.854833e-07
2.660118e-07
2.794285e-07
2.601096e-07
2.437853e-07
2.459932e-07
2.235549e-07
2.185652e-07
2.257199e-07
2.165261e-07
2.043471e-07
1.861534e-07
1.788757e-07
1.724322e-07
1.885077e-07
1.747079e-07
1.674400e-07
1.571412e-07
1.416178e-07
1.402478e-07
1.582223e-07
1.495768e-07
1.408500e-07
1.341047e-07
1.202842e-07
1.161595e-07
1.333756e-07
1.297088e-07
1.181597e-07
1.074691e-07
9.946786e-08
9.666874e-08
