1.454300e-06
1.534692e-06
1.482862e-06
1.389627e-06
1.282005e-06
1.370220e-06
8.893544e-07
9.497431e-07
8.810069e-07
8.413374e-07
8.295064e-07
8.064392e-07
6.286953e-07
6.257181e-07
6.192566e-07
6.119294e-07
5.522695e-07
5.162780e-07
4.576215e-07
4.407164e-07
4.477632e-07
4.128019e-07
4.060575e-07
3.761914e-07
3.470919e-07
3.411716e-07
3.344090e-07
3.204724e-07
3.003784e-07
2.666268e-07
2.874152e-07
2.690918e-07
2.575021e-07
2.471269e-07
2.293272e-07
2.039285e-07
2.322846e-07
2.160270e-07
2.091151e-07
2.005342e-07
1.794553e-07
1.671671e-07
1.855381e-07
1.799478e-07
1.736619e-07
1.596028e-07
1.492526e-07
1.390373e-07
1.551357e-07
1.477237e-07
1.444135e-07
1.373380e-07
1.245967e-07
1.152577e-07
1.343185e-07
1.244620e-07
1.184050e-07
1.135765e-07
1.027715e-07
9.738626e-08
