4.605911e-06
4.327745e-06
4.271968e-06
4.225736e-06
3.916557e-06
4.016877e-06
3.347207e-06
3.322404e-06
3.267695e-06
3.210125e-06
3.096123e-06
2.922142e-06
2.680951e-06
2.673966e-06
2.575294e-06
2.500154e-06
2.405927e-06
2.276131e-06
2.172781e-06
2.089536e-06
2.068893e-06
2.032325e-06
1.952612e-06
1.809456e-06
1.830792e-06
1.751925e-06
1.713432e-06
1.658598e-06
1.587225e-06
1.510349e-06
1.521901e-06
1.486360e-06
1.424367e-06
1.394314e-06
1.345038e-06
1.274841e-06
1.300406e-06
1.273988e-06
1.235645e-06
1.166143e-06
1.138724e-06
1.090399e-06
1.116246e-06
1.081426e-06
1.049148e-06
1.009458e-06
9.749114e-07
9.272750e-07
9.724841e-07
9.502446e-07
9.133329e-07
8.779291e-07
8.329852e-07
8.072168e-07
8.643493e-07
8.377473e-07
7.878533e-07
7.682705e-07
7.249200e-07
6.933356e-07
7.708163e-07
7.487779e-07
6.994904e-07
6.701650e-07
6.406315e-07
6.141958e-07
7.044627e-07
6.658243e-07
6.288803e-07
6.055505e-07
5.710877e-07
5.388971e-07
6.224731e-07
5.918431e-07
5.616609e-07
5.326023e-07
5.087068e-07
4.780249e-07
5.683710e-07
5.366632e-07
5.102088e-07
4.854512e-07
4.540567e-07
4.331736e-07
5.035583e-07
4.875417e-07
4.622881e-07
4.330619e-07
4.110884e-07
3.911862e-07
4.684488e-07
4.472372e-07
4.190463e-07
4.002759e-07
3.749454e-07
3.492727e-07
4.290515e-07
4.062664e-07
3.885098e-07
3.602499e-07
3.418061e-07
3.206756e-07
4.013303e-07
3.803548e-07
3.582805e-07
3.320332e-07
3.125075e-07
2.954102e-07
3.688701e-07
3.529055e-07
3.266755e-07
3.083918e-07
2.872085e-07
2.721349e-07
3.454578e-07
3.267511e-07
2.999639e-07
2.791659e-07
2.642929e-07
2.514286e-07
