1.507590e-06
1.541873e-06
1.315138e-06
1.378554e-06
1.312048e-06
1.298134e-06
9.353008e-07
9.003916e-07
8.533058e-07
8.596321e-07
8.143926e-07
8.193267e-07
6.184719e-07
6.089313e-07
5.761060e-07
5.526224e-07
5.488493e-07
5.293875e-07
4.884804e-07
4.507816e-07
4.134005e-07
4.049151e-07
4.103016e-07
3.952577e-07
3.492605e-07
3.426384e-07
3.117394e-07
3.055785e-07
2.986633e-07
2.862357e-07
2.877346e-07
2.723004e-07
2.594634e-07
2.386314e-07
2.246500e-07
2.147768e-07
2.312666e-07
2.180751e-07
1.997164e-07
1.960086e-07
1.924405e-07
1.667149e-07
1.890836e-07
1.711952e-07
1.602170e-07
1.521403e-07
1.523759e-07
1.352837e-07
1.564370e-07
1.491905e-07
1.365853e-07
1.308570e-07
1.213382e-07
1.120237e-07
1.364396e-07
1.213314e-07
1.146829e-07
1.096316e-07
1.042153e-07
9.347839e-08
