4.538619e-06
4.467464e-06
4.310981e-06
4.136273e-06
4.095768e-06
3.845352e-06
3.380573e-06
3.351076e-06
3.318131e-06
3.216469e-06
3.017945e-06
2.999018e-06
2.673954e-06
2.655594e-06
2.574628e-06
2.482120e-06
2.413906e-06
2.291362e-06
2.152981e-06
2.159463e-06
2.088151e-06
1.997255e-06
1.913709e-06
1.862831e-06
1.776476e-06
1.756538e-06
1.738592e-06
1.636808e-06
1.569689e-06
1.496370e-06
1.520581e-06
1.492102e-06
1.467471e-06
1.375797e-06
1.321601e-06
1.255751e-06
1.306927e-06
1.264079e-06
1.240453e-06
1.191882e-06
1.166062e-06
1.073257e-06
1.128337e-06
1.096125e-06
1.055802e-06
1.008807e-06
9.969900e-07
9.144932e-07
9.999307e-07
9.586289e-07
9.247104e-07
8.836427e-07
8.594091e-07
7.927142e-07
8.748210e-07
8.297159e-07
7.931811e-07
7.649847e-07
7.601657e-07
7.040537e-07
7.869163e-07
7.433560e-07
7.098425e-07
6.737669e-07
6.641226e-07
6.071244e-07
6.926804e-07
6.528136e-07
6.248159e-07
5.996480e-07
5.794947e-07
5.311071e-07
6.100641e-07
5.868210e-07
5.630270e-07
5.428087e-07
5.168824e-07
4.874545e-07
5.709705e-07
5.389515e-07
5.083687e-07
4.780667e-07
4.627037e-07
4.430987e-07
5.204705e-07
4.877456e-07
4.680223e-07
4.455438e-07
4.201743e-07
3.968916e-07
4.726173e-07
4.444673e-07
4.194034e-07
3.971178e-07
3.803465e-07
3.613887e-07
4.356883e-07
4.079371e-07
3.858051e-07
3.634785e-07
3.439157e-07
3.246371e-07
3.979001e-07
3.783161e-07
3.577282e-07
3.369123e-07
3.134362e-07
2.962981e-07
3.666646e-07
3.433342e-07
3.222362e-07
3.021347e-07
2.893930e-07
2.736165e-07
3.464609e-07
3.229751e-07
3.000016e-07
2.790316e-07
2.630887e-07
2.511917e-07
