1.412833e-06
1.463979e-06
1.371346e-06
1.398128e-06
1.322177e-06
1.299277e-06
9.776037e-07
9.005890e-07
8.291146e-07
8.398713e-07
8.156535e-07
8.164408e-07
6.539896e-07
5.970704e-07
5.949416e-07
5.667599e-07
5.640518e-07
5.288821e-07
4.633980e-07
4.467915e-07
4.318352e-07
3.985778e-07
3.973848e-07
3.819294e-07
3.408148e-07
3.376087e-07
3.219091e-07
3.101053e-07
2.966642e-07
2.763952e-07
2.743366e-07
2.622737e-07
2.539550e-07
2.368811e-07
2.271947e-07
2.087891e-07
2.143037e-07
2.162189e-07
1.992702e-07
1.956120e-07
1.860025e-07
1.657061e-07
1.798927e-07
1.813124e-07
1.689741e-07
1.578170e-07
1.536739e-07
1.377563e-07
1.527742e-07
1.493201e-07
1.383047e-07
1.356550e-07
1.308692e-07
1.157266e-07
1.314487e-07
1.246170e-07
1.167493e-07
1.124811e-07
1.077971e-07
9.788463e-08
