1.387111e-06
1.438096e-06
1.403479e-06
1.376788e-06
1.307332e-06
1.237392e-06
9.340881e-07
8.929509e-07
8.698589e-07
8.347862e-07
7.877884e-07
7.705024e-07
6.081911e-07
6.168341e-07
5.726958e-07
5.501366e-07
5.303775e-07
4.938225e-07
4.645788e-07
4.502891e-07
4.150181e-07
4.152682e-07
3.811957e-07
3.770997e-07
3.395633e-07
3.247199e-07
3.264558e-07
3.176763e-07
2.961181e-07
2.790906e-07
2.742651e-07
2.690577e-07
2.568602e-07
2.382483e-07
2.355598e-07
2.196373e-07
2.116662e-07
2.070318e-07
2.099635e-07
1.946704e-07
1.863039e-07
1.765525e-07
1.848998e-07
1.657960e-07
1.685525e-07
1.651882e-07
1.483655e-07
1.442280e-07
1.513435e-07
1.429001e-07
1.389303e-07
1.295016e-07
1.229025e-07
1.162745e-07
1.303636e-07
1.179770e-07
1.183196e-07
1.092345e-07
1.062314e-07
1.016777e-07
