1.347964e+03
1.258805e+03
1.103241e+03
1.024308e+03
1.082420e+03
9.884342e+02
2.350659e+03
1.650361e+03
1.795922e+03
1.652652e+03
1.480540e+03
1.348826e+03
2.686367e+03
2.754661e+03
2.555045e+03
2.143748e+03
1.868409e+03
1.749663e+03
3.864968e+03
3.232054e+03
3.069194e+03
2.688745e+03
2.583814e+03
2.269104e+03
5.159784e+03
4.405605e+03
3.647049e+03
3.608003e+03
3.107992e+03
3.044013e+03
5.767929e+03
5.538288e+03
4.421652e+03
4.326209e+03
3.725639e+03
3.416546e+03
7.519582e+03
6.672445e+03
5.990932e+03
5.097720e+03
4.210117e+03
3.904194e+03
9.389922e+03
7.378268e+03
7.118654e+03
5.770750e+03
4.911229e+03
4.530995e+03
1.076139e+04
8.828527e+03
7.443203e+03
6.522795e+03
5.309855e+03
4.818008e+03
1.162291e+04
9.138707e+03
8.255427e+03
6.892497e+03
5.960716e+03
5.410969e+03
