4.343426e-06
4.281276e-06
4.241472e-06
4.255664e-06
4.003374e-06
3.855541e-06
3.368617e-06
3.307887e-06
3.227417e-06
3.207443e-06
3.079820e-06
2.929014e-06
2.713781e-06
2.645612e-06
2.558305e-06
2.471848e-06
2.445257e-06
2.281900e-06
2.176021e-06
2.144854e-06
2.085107e-06
1.991598e-06
1.963975e-06
1.817749e-06
1.866012e-06
1.811213e-06
1.714125e-06
1.643440e-06
1.594300e-06
1.496799e-06
1.564433e-06
1.505959e-06
1.433922e-06
1.375964e-06
1.309932e-06
1.271946e-06
1.331265e-06
1.269562e-06
1.255139e-06
1.158666e-06
1.111520e-06
1.067328e-06
1.139385e-06
1.111839e-06
1.073620e-06
1.009399e-06
9.530983e-07
9.159277e-07
9.903275e-07
9.709032e-07
9.303755e-07
8.780486e-07
8.319817e-07
7.863656e-07
8.672261e-07
8.586548e-07
8.106214e-07
7.676971e-07
7.335134e-07
7.037210e-07
7.818488e-07
7.422107e-07
7.225930e-07
6.693789e-07
6.459924e-07
6.053576e-07
7.064081e-07
6.715435e-07
6.391085e-07
6.007715e-07
5.659275e-07
5.373753e-07
6.310410e-07
5.922463e-07
5.649125e-07
5.374559e-07
5.103286e-07
4.818217e-07
5.678863e-07
5.441267e-07
5.070398e-07
4.775857e-07
4.569480e-07
4.307754e-07
5.198162e-07
5.027521e-07
4.616496e-07
4.292287e-07
4.098179e-07
3.859389e-07
4.706928e-07
4.581898e-07
4.162709e-07
3.914119e-07
3.703348e-07
3.506138e-07
4.319426e-07
4.231175e-07
3.809315e-07
3.663572e-07
3.354654e-07
3.197220e-07
4.014259e-07
3.786894e-07
3.513755e-07
3.329839e-07
3.132118e-07
2.920758e-07
3.674147e-07
3.486245e-07
3.255934e-07
3.051414e-07
2.884746e-07
2.669217e-07
3.483789e-07
3.181375e-07
2.978532e-07
2.810371e-07
2.658202e-07
2.496513e-07
