1.253065e+03
1.349353e+03
1.241975e+03
1.091480e+03
9.289296e+02
1.036340e+03
1.911882e+03
1.742360e+03
1.758304e+03
1.577151e+03
1.446941e+03
1.517549e+03
2.626344e+03
2.288800e+03
2.393366e+03
2.150012e+03
2.099665e+03
1.855317e+03
3.747609e+03
3.555233e+03
3.140094e+03
2.888343e+03
2.616697e+03
2.343946e+03
4.837662e+03
4.179592e+03
3.755868e+03
3.454846e+03
3.200346e+03
2.813614e+03
5.725861e+03
5.148540e+03
4.493791e+03
3.952869e+03
3.904678e+03
3.360366e+03
7.793013e+03
6.423626e+03
5.486770e+03
4.826509e+03
4.084321e+03
4.116711e+03
1.000734e+04
7.368137e+03
6.243606e+03
5.432618e+03
5.070554e+03
4.436265e+03
1.069824e+04
9.287820e+03
7.045579e+03
6.116083e+03
5.509793e+03
4.919586e+03
1.307666e+04
9.828535e+03
8.281692e+03
6.784823e+03
6.278060e+03
5.463775e+03
