1.433028e-06
1.416031e-06
1.275290e-06
1.372312e-06
1.281874e-06
1.305636e-06
8.890829e-07
9.155632e-07
9.127570e-07
8.385522e-07
8.238162e-07
7.898310e-07
6.104451e-07
5.929306e-07
6.139187e-07
5.758702e-07
5.596764e-07
5.473332e-07
4.549875e-07
4.322132e-07
4.425692e-07
4.232912e-07
4.005737e-07
3.853211e-07
3.451234e-07
3.448168e-07
3.293084e-07
3.090298e-07
2.986030e-07
2.747069e-07
2.773049e-07
2.736259e-07
2.582503e-07
2.427359e-07
2.305283e-07
1.995077e-07
2.212095e-07
2.101008e-07
2.086477e-07
1.990749e-07
1.856200e-07
1.668750e-07
1.861530e-07
1.771859e-07
1.707536e-07
1.608804e-07
1.463718e-07
1.321772e-07
1.573501e-07
1.496476e-07
1.403257e-07
1.322985e-07
1.225900e-07
1.126034e-07
1.316995e-07
1.253194e-07
1.205098e-07
1.109854e-07
1.039561e-07
9.608708e-08
