1.457719e-06
1.402911e-06
1.375651e-06
1.304421e-06
1.246404e-06
1.314978e-06
9.436372e-07
9.539838e-07
9.078276e-07
8.493227e-07
7.968156e-07
7.997824e-07
6.374122e-07
6.270584e-07
5.962038e-07
5.705043e-07
5.493165e-07
5.042066e-07
4.757189e-07
4.496648e-07
4.301917e-07
4.352304e-07
4.117358e-07
3.806469e-07
3.628369e-07
3.350723e-07
3.311434e-07
3.112684e-07
2.965733e-07
2.846105e-07
2.863802e-07
2.635778e-07
2.460826e-07
2.420977e-07
2.297136e-07
2.164368e-07
2.231690e-07
2.074419e-07
2.008604e-07
1.979611e-07
1.821178e-07
1.680194e-07
1.783214e-07
1.768003e-07
1.647770e-07
1.594189e-07
1.465046e-07
1.399119e-07
1.564274e-07
1.502956e-07
1.408312e-07
1.362939e-07
1.240987e-07
1.162140e-07
1.383989e-07
1.281264e-07
1.224613e-07
1.137051e-07
1.032173e-07
9.859216e-08
