4.510702e-06
4.360351e-06
4.342969e-06
4.179786e-06
4.166843e-06
3.951985e-06
3.390230e-06
3.283653e-06
3.319781e-06
3.192135e-06
3.088688e-06
2.935245e-06
2.758411e-06
2.616814e-06
2.567545e-06
2.467482e-06
2.395819e-06
2.332201e-06
2.149426e-06
2.112880e-06
2.054283e-06
1.992212e-06
1.910620e-06
1.842210e-06
1.781934e-06
1.757215e-06
1.676916e-06
1.617267e-06
1.581405e-06
1.522650e-06
1.514271e-06
1.478212e-06
1.403315e-06
1.370577e-06
1.336703e-06
1.275221e-06
1.306029e-06
1.270489e-06
1.227571e-06
1.174491e-06
1.133170e-06
1.083254e-06
1.132937e-06
1.102271e-06
1.042787e-06
1.023713e-06
9.575223e-07
9.182341e-07
1.006437e-06
9.551299e-07
9.144193e-07
8.797485e-07
8.320564e-07
8.036897e-07
8.889830e-07
8.363265e-07
7.948478e-07
7.694369e-07
7.320357e-07
6.870244e-07
7.834903e-07
7.471991e-07
7.159374e-07
6.770350e-07
6.392517e-07
6.123592e-07
7.013791e-07
6.620269e-07
6.330946e-07
5.987459e-07
5.720126e-07
5.429054e-07
6.354338e-07
6.010733e-07
5.740623e-07
5.408824e-07
5.070314e-07
4.829936e-07
5.760734e-07
5.361356e-07
5.202413e-07
4.879697e-07
4.586426e-07
4.348569e-07
5.251165e-07
4.953927e-07
4.709883e-07
4.435762e-07
4.172963e-07
3.874310e-07
4.798164e-07
4.546574e-07
4.279877e-07
4.000860e-07
3.788639e-07
3.481615e-07
4.378339e-07
4.178392e-07
3.871908e-07
3.674247e-07
3.448525e-07
3.159795e-07
4.065017e-07
3.770909e-07
3.580481e-07
3.354715e-07
3.089643e-07
2.899187e-07
3.742813e-07
3.513492e-07
3.271115e-07
3.071267e-07
2.867157e-07
2.723164e-07
3.435645e-07
3.238830e-07
3.006604e-07
2.816458e-07
2.656057e-07
2.486542e-07
