1.360163e+03
1.248201e+03
1.020533e+03
9.923019e+02
9.264065e+02
9.541784e+02
2.003469e+03
1.676593e+03
1.506318e+03
1.618763e+03
1.349370e+03
1.530139e+03
2.968863e+03
2.766712e+03
2.457825e+03
2.105560e+03
2.092364e+03
1.812372e+03
3.923817e+03
3.671724e+03
3.235600e+03
2.587233e+03
2.326758e+03
2.242490e+03
4.644409e+03
4.346044e+03
3.938150e+03
3.321503e+03
3.033099e+03
2.945428e+03
6.620601e+03
5.426055e+03
5.130838e+03
4.173549e+03
3.730685e+03
3.222732e+03
8.014928e+03
6.444767e+03
5.110473e+03
5.104848e+03
4.120601e+03
3.979909e+03
1.025780e+04
7.863570e+03
6.327092e+03
5.842397e+03
4.961325e+03
4.271746e+03
1.084307e+04
8.842588e+03
7.710960e+03
6.630699e+03
5.532316e+03
5.007791e+03
1.283231e+04
1.039165e+04
8.467460e+03
7.190951e+03
6.365880e+03
5.467192e+03
