1.505899e-06
1.458160e-06
1.465566e-06
1.320917e-06
1.299616e-06
1.233749e-06
8.987799e-07
9.060051e-07
8.666416e-07
8.404432e-07
7.816918e-07
7.579298e-07
6.181623e-07
6.084276e-07
5.920774e-07
5.568808e-07
5.479913e-07
5.247188e-07
4.592357e-07
4.385020e-07
4.181173e-07
4.063557e-07
3.965542e-07
3.682188e-07
3.354328e-07
3.227962e-07
3.212120e-07
2.931495e-07
2.927068e-07
2.745011e-07
2.692684e-07
2.597703e-07
2.486994e-07
2.407053e-07
2.322923e-07
2.107879e-07
2.208877e-07
2.057958e-07
2.016568e-07
1.941624e-07
1.803629e-07
1.698428e-07
1.903386e-07
1.716658e-07
1.659229e-07
1.576759e-07
1.482259e-07
1.398219e-07
1.548862e-07
1.462462e-07
1.443961e-07
1.361873e-07
1.191982e-07
1.151040e-07
1.337592e-07
1.251858e-07
1.205831e-07
1.107216e-07
1.029121e-07
9.716551e-08
