1.474799e-06
1.496694e-06
1.437203e-06
1.334818e-06
1.361976e-06
1.290420e-06
9.386809e-07
8.916332e-07
8.304133e-07
8.468860e-07
8.363952e-07
7.501018e-07
6.494298e-07
5.986459e-07
5.983836e-07
5.877724e-07
5.433938e-07
5.313746e-07
4.665733e-07
4.493132e-07
4.346202e-07
4.231285e-07
3.897145e-07
3.565430e-07
3.505495e-07
3.290149e-07
3.333625e-07
3.121256e-07
2.946446e-07
2.772170e-07
2.685961e-07
2.587147e-07
2.567054e-07
2.376235e-07
2.303105e-07
2.152367e-07
2.235488e-07
2.060900e-07
2.030479e-07
1.940254e-07
1.814852e-07
1.686013e-07
1.846155e-07
1.733008e-07
1.643157e-07
1.527893e-07
1.507491e-07
1.382221e-07
1.533069e-07
1.486608e-07
1.347346e-07
1.323448e-07
1.227505e-07
1.121975e-07
1.317980e-07
1.285682e-07
1.163631e-07
1.111730e-07
1.024248e-07
9.529321e-08
