1.473956e-06
1.477382e-06
1.462566e-06
1.306182e-06
1.286598e-06
1.356626e-06
8.435358e-07
8.685633e-07
8.332521e-07
8.931443e-07
8.606179e-07
7.893225e-07
5.959161e-07
6.103827e-07
5.776882e-07
5.644433e-07
5.639718e-07
5.432492e-07
4.709026e-07
4.421327e-07
4.265480e-07
3.993382e-07
4.006058e-07
3.682562e-07
3.544490e-07
3.333760e-07
3.247616e-07
3.222435e-07
2.972639e-07
2.698774e-07
2.824234e-07
2.605887e-07
2.505447e-07
2.486103e-07
2.294846e-07
2.056024e-07
2.214701e-07
2.154999e-07
1.992011e-07
2.009541e-07
1.803119e-07
1.666738e-07
1.828928e-07
1.739290e-07
1.661750e-07
1.603219e-07
1.464352e-07
1.357153e-07
1.611957e-07
1.497230e-07
1.409193e-07
1.313569e-07
1.212673e-07
1.181883e-07
1.428050e-07
1.252044e-07
1.185702e-07
1.149681e-07
1.028001e-07
9.715835e-08
