4.498601e-06
4.461523e-06
4.311698e-06
4.166412e-06
4.083802e-06
3.939731e-06
3.401534e-06
3.387310e-06
3.267309e-06
3.168469e-06
3.057519e-06
3.047404e-06
2.663626e-06
2.669933e-06
2.624716e-06
2.531301e-06
2.435561e-06
2.349590e-06
2.148120e-06
2.200953e-06
2.066886e-06
2.056092e-06
1.958569e-06
1.884067e-06
1.789169e-06
1.808687e-06
1.778678e-06
1.657540e-06
1.590844e-06
1.543240e-06
1.524199e-06
1.476899e-06
1.455288e-06
1.393564e-06
1.317450e-06
1.275815e-06
1.315959e-06
1.263382e-06
1.218200e-06
1.173870e-06
1.124783e-06
1.076915e-06
1.118768e-06
1.090054e-06
1.063994e-06
1.013499e-06
9.707896e-07
9.299969e-07
1.003965e-06
9.634097e-07
9.354506e-07
8.744913e-07
8.478143e-07
8.065804e-07
8.924394e-07
8.340681e-07
8.065469e-07
7.695344e-07
7.420078e-07
6.960847e-07
7.820757e-07
7.478060e-07
7.222730e-07
6.809749e-07
6.465858e-07
6.031532e-07
7.117525e-07
6.664061e-07
6.355528e-07
6.003992e-07
5.716296e-07
5.395470e-07
6.320133e-07
6.026252e-07
5.775716e-07
5.325092e-07
5.104255e-07
4.825941e-07
5.699145e-07
5.466699e-07
5.080800e-07
4.856130e-07
4.584387e-07
4.343926e-07
5.209460e-07
4.968262e-07
4.635504e-07
4.405363e-07
4.065948e-07
3.960533e-07
4.787270e-07
4.513971e-07
4.220094e-07
3.987747e-07
3.706250e-07
3.490529e-07
4.433700e-07
4.113786e-07
3.829610e-07
3.637373e-07
3.403682e-07
3.230301e-07
3.972750e-07
3.748347e-07
3.543015e-07
3.322400e-07
3.138035e-07
2.932291e-07
3.709693e-07
3.479946e-07
3.284488e-07
3.078806e-07
2.894759e-07
2.679415e-07
3.412798e-07
3.247435e-07
3.081374e-07
2.791086e-07
2.669127e-07
2.488871e-07
