1.496642e-06
1.525550e-06
1.417776e-06
1.428424e-06
1.393483e-06
1.387380e-06
8.551129e-07
8.605965e-07
8.477808e-07
8.445009e-07
8.256205e-07
8.326859e-07
5.953310e-07
6.163389e-07
5.816060e-07
5.905394e-07
5.563448e-07
5.437445e-07
4.339234e-07
4.319168e-07
4.355182e-07
4.088236e-07
4.059589e-07
3.736492e-07
3.552282e-07
3.318016e-07
3.251752e-07
2.922319e-07
2.922325e-07
2.773250e-07
2.839691e-07
2.718448e-07
2.455597e-07
2.384927e-07
2.249595e-07
2.227781e-07
2.195898e-07
2.215539e-07
2.038068e-07
1.848506e-07
1.850729e-07
1.778243e-07
1.808680e-07
1.712881e-07
1.683933e-07
1.621873e-07
1.487932e-07
1.491930e-07
1.524003e-07
1.486770e-07
1.402853e-07
1.301527e-07
1.213439e-07
1.194215e-07
1.345594e-07
1.240262e-07
1.177223e-07
1.088019e-07
1.022102e-07
9.993849e-08
