1.371788e-06
1.430500e-06
1.351291e-06
1.363086e-06
1.345571e-06
1.213932e-06
8.808244e-07
8.522852e-07
8.802274e-07
8.418591e-07
8.493109e-07
7.896271e-07
6.113407e-07
6.096337e-07
5.988014e-07
5.833678e-07
5.636357e-07
5.208562e-07
4.503027e-07
4.324624e-07
4.311285e-07
4.057276e-07
4.051273e-07
3.688247e-07
3.497033e-07
3.351844e-07
3.297854e-07
3.045113e-07
2.856120e-07
2.705198e-07
2.694514e-07
2.597786e-07
2.477915e-07
2.398384e-07
2.286382e-07
2.114489e-07
2.159561e-07
2.191794e-07
2.056848e-07
1.946790e-07
1.808588e-07
1.674631e-07
1.766453e-07
1.835924e-07
1.702995e-07
1.622902e-07
1.506049e-07
1.389187e-07
1.539626e-07
1.528964e-07
1.422519e-07
1.316755e-07
1.241664e-07
1.152573e-07
1.348448e-07
1.264786e-07
1.192083e-07
1.144119e-07
1.043723e-07
9.829455e-08
