4.459604e-06
4.424363e-06
4.285773e-06
4.241800e-06
4.067766e-06
3.786474e-06
3.386380e-06
3.341507e-06
3.174326e-06
3.181990e-06
3.030028e-06
2.835361e-06
2.717919e-06
2.669247e-06
2.626119e-06
2.511842e-06
2.385785e-06
2.266826e-06
2.237332e-06
2.173350e-06
2.123090e-06
2.020252e-06
1.899751e-06
1.864445e-06
1.840195e-06
1.779680e-06
1.739255e-06
1.656502e-06
1.583841e-06
1.547499e-06
1.554501e-06
1.460786e-06
1.462909e-06
1.398802e-06
1.324472e-06
1.323503e-06
1.321027e-06
1.279324e-06
1.226729e-06
1.206197e-06
1.157431e-06
1.103670e-06
1.157332e-06
1.096691e-06
1.064386e-06
1.017356e-06
9.946611e-07
9.210908e-07
1.011913e-06
9.619302e-07
9.114632e-07
8.810452e-07
8.635161e-07
7.975641e-07
8.761271e-07
8.389936e-07
8.005281e-07
7.664051e-07
7.382887e-07
6.939129e-07
7.811655e-07
7.511728e-07
7.176179e-07
6.759113e-07
6.425303e-07
6.158267e-07
6.977398e-07
6.615109e-07
6.359171e-07
5.999266e-07
5.661905e-07
5.424726e-07
6.179688e-07
6.046201e-07
5.784441e-07
5.465668e-07
5.040840e-07
4.782848e-07
5.646604e-07
5.546051e-07
5.202523e-07
4.903621e-07
4.487178e-07
4.361502e-07
5.176084e-07
4.934161e-07
4.673717e-07
4.409401e-07
4.103068e-07
3.905471e-07
4.661896e-07
4.504111e-07
4.245327e-07
3.990033e-07
3.692473e-07
3.545423e-07
4.360574e-07
4.118277e-07
3.844316e-07
3.634338e-07
3.424063e-07
3.210375e-07
4.011590e-07
3.785438e-07
3.544864e-07
3.328435e-07
3.129438e-07
2.941701e-07
3.753897e-07
3.461887e-07
3.268238e-07
3.064716e-07
2.870690e-07
2.704360e-07
3.426995e-07
3.198448e-07
3.047580e-07
2.835670e-07
2.656687e-07
2.504004e-07
