1.518976e-06
1.404618e-06
1.486252e-06
1.396494e-06
1.251334e-06
1.221215e-06
9.360322e-07
9.058325e-07
8.988889e-07
8.093507e-07
7.827738e-07
7.796813e-07
6.044662e-07
6.052850e-07
6.113018e-07
5.759112e-07
5.328312e-07
5.205694e-07
4.464667e-07
4.436676e-07
4.457498e-07
4.060023e-07
4.029935e-07
3.725591e-07
3.415811e-07
3.287797e-07
3.363441e-07
3.135187e-07
2.958701e-07
2.747953e-07
2.751297e-07
2.655187e-07
2.524023e-07
2.477349e-07
2.347558e-07
2.055069e-07
2.192155e-07
2.076380e-07
2.059241e-07
2.028453e-07
1.825609e-07
1.642383e-07
1.795322e-07
1.755079e-07
1.675639e-07
1.559913e-07
1.514698e-07
1.386589e-07
1.598932e-07
1.499007e-07
1.381109e-07
1.311764e-07
1.283571e-07
1.173329e-07
1.364268e-07
1.276178e-07
1.181574e-07
1.145012e-07
1.034252e-07
9.945165e-08
