4.360266e-06
4.386456e-06
4.304003e-06
4.191796e-06
4.081313e-06
4.005549e-06
3.402701e-06
3.332144e-06
3.302001e-06
3.175998e-06
3.052290e-06
3.000490e-06
2.700641e-06
2.590379e-06
2.533689e-06
2.497612e-06
2.407008e-06
2.353139e-06
2.169809e-06
2.110697e-06
2.046554e-06
2.010706e-06
1.972775e-06
1.855305e-06
1.804317e-06
1.722029e-06
1.689174e-06
1.649204e-06
1.613440e-06
1.493145e-06
1.497716e-06
1.444396e-06
1.437536e-06
1.398487e-06
1.344273e-06
1.264262e-06
1.321816e-06
1.275510e-06
1.229629e-06
1.194202e-06
1.159728e-06
1.083809e-06
1.130716e-06
1.097686e-06
1.059608e-06
1.010853e-06
9.878529e-07
9.135601e-07
1.016984e-06
9.663537e-07
9.303949e-07
8.889491e-07
8.404768e-07
7.984315e-07
8.804777e-07
8.394176e-07
8.093743e-07
7.671646e-07
7.335454e-07
6.856088e-07
7.621760e-07
7.448070e-07
7.171843e-07
6.732635e-07
6.341613e-07
6.085695e-07
6.863900e-07
6.584284e-07
6.303973e-07
5.942017e-07
5.721932e-07
5.260112e-07
6.217147e-07
5.870889e-07
5.690635e-07
5.416543e-07
5.185686e-07
4.797003e-07
5.659812e-07
5.335517e-07
5.059161e-07
4.855947e-07
4.650320e-07
4.229772e-07
5.147611e-07
4.860490e-07
4.616758e-07
4.405594e-07
4.161144e-07
3.806854e-07
4.751609e-07
4.452386e-07
4.206688e-07
3.977734e-07
3.806168e-07
3.519100e-07
4.335803e-07
4.117296e-07
3.826583e-07
3.658163e-07
3.417987e-07
3.259012e-07
3.984839e-07
3.809298e-07
3.529217e-07
3.344789e-07
3.160324e-07
2.976817e-07
3.677659e-07
3.517500e-07
3.227543e-07
3.024292e-07
2.877768e-07
2.723954e-07
3.387926e-07
3.190060e-07
2.998374e-07
2.813771e-07
2.676266e-07
2.511294e-07
