4.575917e-06
4.367402e-06
4.364477e-06
4.176816e-06
4.115592e-06
3.911731e-06
3.402246e-06
3.357304e-06
3.262867e-06
3.151210e-06
3.032622e-06
2.951318e-06
2.796175e-06
2.615360e-06
2.583857e-06
2.532068e-06
2.407960e-06
2.271948e-06
2.172534e-06
2.125863e-06
2.119217e-06
2.071489e-06
1.961361e-06
1.836569e-06
1.817374e-06
1.775796e-06
1.708146e-06
1.681407e-06
1.612374e-06
1.521091e-06
1.519671e-06
1.473030e-06
1.438260e-06
1.414089e-06
1.316129e-06
1.279899e-06
1.313357e-06
1.251415e-06
1.238938e-06
1.209491e-06
1.132216e-06
1.063178e-06
1.139094e-06
1.106228e-06
1.064913e-06
1.030877e-06
9.691839e-07
9.119633e-07
9.891685e-07
9.538077e-07
9.139645e-07
8.881225e-07
8.410283e-07
7.829284e-07
8.827992e-07
8.244266e-07
8.010590e-07
7.664436e-07
7.294843e-07
6.964799e-07
7.725816e-07
7.359543e-07
7.069340e-07
6.646732e-07
6.381331e-07
6.068001e-07
6.980598e-07
6.558347e-07
6.261248e-07
5.896795e-07
5.700786e-07
5.415420e-07
6.338246e-07
5.934393e-07
5.634483e-07
5.343181e-07
5.146151e-07
4.801311e-07
5.715312e-07
5.399843e-07
5.096051e-07
4.782975e-07
4.577492e-07
4.274973e-07
5.170638e-07
4.931228e-07
4.617629e-07
4.376983e-07
4.148705e-07
3.872287e-07
4.697721e-07
4.464472e-07
4.175213e-07
3.971461e-07
3.777292e-07
3.510562e-07
4.312379e-07
4.058567e-07
3.884504e-07
3.687535e-07
3.421206e-07
3.215549e-07
3.977196e-07
3.752796e-07
3.550010e-07
3.319650e-07
3.176351e-07
2.924395e-07
3.703322e-07
3.478221e-07
3.267237e-07
3.061475e-07
2.871724e-07
2.685470e-07
3.418439e-07
3.237698e-07
3.016747e-07
2.826727e-07
2.654231e-07
2.443941e-07
