4.485407e-06
4.286186e-06
4.392508e-06
4.283593e-06
4.069592e-06
3.805070e-06
3.411764e-06
3.370420e-06
3.254248e-06
3.277924e-06
3.080207e-06
2.837313e-06
2.679472e-06
2.630275e-06
2.581107e-06
2.551158e-06
2.459540e-06
2.294966e-06
2.190597e-06
2.096815e-06
2.078378e-06
2.082076e-06
1.934854e-06
1.880074e-06
1.808444e-06
1.758160e-06
1.714210e-06
1.706424e-06
1.608422e-06
1.535112e-06
1.522936e-06
1.487751e-06
1.438131e-06
1.389882e-06
1.328766e-06
1.272391e-06
1.305336e-06
1.292698e-06
1.235082e-06
1.183399e-06
1.141196e-06
1.063198e-06
1.132445e-06
1.099482e-06
1.041890e-06
1.009443e-06
9.781576e-07
9.322732e-07
9.992107e-07
9.688781e-07
9.176674e-07
8.732304e-07
8.467014e-07
7.969700e-07
8.686455e-07
8.467722e-07
8.093155e-07
7.778152e-07
7.387796e-07
6.937536e-07
7.785488e-07
7.611122e-07
7.248919e-07
6.876929e-07
6.506100e-07
6.072758e-07
7.114828e-07
6.832118e-07
6.338490e-07
6.096353e-07
5.742666e-07
5.381011e-07
6.409675e-07
6.059458e-07
5.676591e-07
5.448067e-07
5.101174e-07
4.794515e-07
5.790445e-07
5.465193e-07
5.074435e-07
4.829517e-07
4.564459e-07
4.382706e-07
5.308725e-07
4.915792e-07
4.498709e-07
4.354928e-07
4.127166e-07
3.974898e-07
4.760479e-07
4.455055e-07
4.177162e-07
3.956419e-07
3.781393e-07
3.607755e-07
4.351985e-07
4.067256e-07
3.818816e-07
3.663183e-07
3.469369e-07
3.211832e-07
3.978073e-07
3.778401e-07
3.530953e-07
3.327015e-07
3.173679e-07
2.949940e-07
3.704657e-07
3.463567e-07
3.238320e-07
3.072423e-07
2.879030e-07
2.679638e-07
3.430864e-07
3.248456e-07
2.980328e-07
2.812069e-07
2.646529e-07
2.473745e-07
