1.494138e-06
1.367065e-06
1.351201e-06
1.343262e-06
1.311202e-06
1.231213e-06
8.725480e-07
9.160766e-07
8.745543e-07
8.391145e-07
7.955313e-07
7.744321e-07
6.197412e-07
6.007589e-07
5.978850e-07
5.655682e-07
5.395728e-07
5.063165e-07
4.672585e-07
4.448233e-07
4.229903e-07
4.127277e-07
4.062420e-07
3.584062e-07
3.506697e-07
3.458542e-07
3.270001e-07
3.205697e-07
3.062379e-07
2.685104e-07
2.777155e-07
2.640365e-07
2.506460e-07
2.418017e-07
2.355713e-07
2.030674e-07
2.265793e-07
2.132016e-07
2.044366e-07
1.920975e-07
1.867050e-07
1.615864e-07
1.926918e-07
1.730082e-07
1.675249e-07
1.575339e-07
1.528691e-07
1.385243e-07
1.547203e-07
1.502374e-07
1.379181e-07
1.365267e-07
1.230263e-07
1.169930e-07
1.318223e-07
1.250429e-07
1.220682e-07
1.112192e-07
1.060934e-07
1.001771e-07
