4.416679e-06
4.304779e-06
4.156130e-06
4.191068e-06
4.022168e-06
3.874733e-06
3.315237e-06
3.255022e-06
3.282550e-06
3.236828e-06
3.051316e-06
2.925668e-06
2.648141e-06
2.571199e-06
2.495820e-06
2.529205e-06
2.446123e-06
2.333637e-06
2.120142e-06
2.085733e-06
2.056409e-06
2.025385e-06
1.979403e-06
1.862916e-06
1.792512e-06
1.739571e-06
1.703732e-06
1.690863e-06
1.636312e-06
1.525693e-06
1.537151e-06
1.467288e-06
1.416751e-06
1.405729e-06
1.347810e-06
1.271885e-06
1.321300e-06
1.265490e-06
1.207323e-06
1.170822e-06
1.131694e-06
1.080096e-06
1.167156e-06
1.101808e-06
1.049150e-06
1.013044e-06
9.760084e-07
9.195253e-07
1.008207e-06
9.539313e-07
9.119562e-07
8.695502e-07
8.418591e-07
7.921240e-07
8.822544e-07
8.465920e-07
8.055875e-07
7.714132e-07
7.287272e-07
7.001510e-07
7.753595e-07
7.476335e-07
7.201026e-07
6.799371e-07
6.544954e-07
6.119084e-07
6.981943e-07
6.714964e-07
6.374943e-07
5.927179e-07
5.848975e-07
5.493300e-07
6.152379e-07
5.947371e-07
5.630863e-07
5.371883e-07
5.137068e-07
4.846706e-07
5.628897e-07
5.371000e-07
5.020449e-07
4.825291e-07
4.576680e-07
4.334158e-07
5.161752e-07
4.903511e-07
4.635898e-07
4.367110e-07
4.149129e-07
3.920832e-07
4.716376e-07
4.438976e-07
4.201847e-07
3.929768e-07
3.727924e-07
3.503340e-07
4.338379e-07
4.074965e-07
3.863417e-07
3.589628e-07
3.389614e-07
3.173953e-07
4.092579e-07
3.758603e-07
3.520158e-07
3.294796e-07
3.110218e-07
2.890472e-07
3.768313e-07
3.496445e-07
3.305731e-07
3.047598e-07
2.886901e-07
2.683861e-07
3.487632e-07
3.241519e-07
3.055473e-07
2.806378e-07
2.657643e-07
2.513232e-07
