1.468041e-06
1.519728e-06
1.527566e-06
1.359780e-06
1.301400e-06
1.287726e-06
8.672842e-07
8.849501e-07
9.387013e-07
8.364893e-07
8.052086e-07
7.621324e-07
6.005308e-07
6.122896e-07
5.557005e-07
5.618029e-07
5.546686e-07
5.180102e-07
4.426661e-07
4.477865e-07
4.312045e-07
4.284777e-07
3.975894e-07
3.790193e-07
3.479089e-07
3.286358e-07
3.184256e-07
3.082039e-07
3.012209e-07
2.649613e-07
2.780441e-07
2.632771e-07
2.578593e-07
2.440187e-07
2.302941e-07
2.065357e-07
2.314362e-07
2.156411e-07
2.029387e-07
1.898408e-07
1.791928e-07
1.656407e-07
1.916641e-07
1.804991e-07
1.680510e-07
1.532112e-07
1.465381e-07
1.332663e-07
1.601226e-07
1.563522e-07
1.407396e-07
1.291224e-07
1.167104e-07
1.108423e-07
1.348591e-07
1.252347e-07
1.182887e-07
1.076202e-07
1.017467e-07
9.567535e-08
