1.383768e-06
1.364617e-06
1.478249e-06
1.386061e-06
1.332391e-06
1.339204e-06
8.702246e-07
8.928507e-07
8.296270e-07
8.168370e-07
7.942515e-07
7.758413e-07
6.070549e-07
5.948608e-07
6.035618e-07
5.943760e-07
5.488052e-07
5.464194e-07
4.548676e-07
4.296394e-07
4.353384e-07
4.038781e-07
4.023002e-07
3.987472e-07
3.498615e-07
3.386517e-07
3.085956e-07
3.074517e-07
2.902236e-07
2.961667e-07
2.721901e-07
2.593816e-07
2.536327e-07
2.312869e-07
2.333727e-07
2.302658e-07
2.285045e-07
2.092303e-07
1.950407e-07
1.845472e-07
1.873174e-07
1.797553e-07
1.861863e-07
1.786702e-07
1.626473e-07
1.560849e-07
1.511385e-07
1.399244e-07
1.593983e-07
1.501757e-07
1.358008e-07
1.299425e-07
1.294278e-07
1.190323e-07
1.332245e-07
1.222445e-07
1.168947e-07
1.093384e-07
1.054136e-07
1.013749e-07
