4.485813e-06
4.309236e-06
4.278299e-06
4.201560e-06
4.184525e-06
4.055103e-06
3.406499e-06
3.422173e-06
3.290830e-06
3.234145e-06
3.074636e-06
2.992465e-06
2.707331e-06
2.608970e-06
2.547426e-06
2.544900e-06
2.409141e-06
2.344013e-06
2.204691e-06
2.126560e-06
2.102410e-06
2.012835e-06
1.951312e-06
1.846289e-06
1.811423e-06
1.787015e-06
1.705219e-06
1.641534e-06
1.594469e-06
1.540056e-06
1.521551e-06
1.477300e-06
1.419382e-06
1.392504e-06
1.343296e-06
1.296337e-06
1.301414e-06
1.260534e-06
1.210993e-06
1.173044e-06
1.141357e-06
1.093471e-06
1.113511e-06
1.105619e-06
1.062813e-06
1.002792e-06
9.680402e-07
9.281170e-07
9.863766e-07
9.514147e-07
9.257803e-07
8.707018e-07
8.364147e-07
8.053483e-07
8.787936e-07
8.528212e-07
8.037826e-07
7.657488e-07
7.286502e-07
6.927673e-07
7.898622e-07
7.537566e-07
7.164731e-07
6.853681e-07
6.473200e-07
6.115823e-07
7.001305e-07
6.688468e-07
6.349076e-07
6.099425e-07
5.816032e-07
5.491530e-07
6.233178e-07
5.942762e-07
5.742331e-07
5.419679e-07
5.150815e-07
4.874930e-07
5.769674e-07
5.495393e-07
5.143174e-07
4.899301e-07
4.598945e-07
4.358189e-07
5.270699e-07
5.002145e-07
4.728308e-07
4.387455e-07
4.139649e-07
3.966017e-07
4.701418e-07
4.530583e-07
4.227728e-07
4.015711e-07
3.793281e-07
3.551398e-07
4.336203e-07
4.137523e-07
3.872328e-07
3.674281e-07
3.415173e-07
3.244035e-07
4.007963e-07
3.801742e-07
3.542212e-07
3.327425e-07
3.135651e-07
2.960740e-07
3.664108e-07
3.487679e-07
3.235006e-07
3.067629e-07
2.879406e-07
2.692896e-07
3.408840e-07
3.221826e-07
3.014159e-07
2.796852e-07
2.657479e-07
2.480337e-07
