1.448455e-06
1.445175e-06
1.302160e-06
1.348005e-06
1.290843e-06
1.256501e-06
9.152638e-07
8.792401e-07
8.450736e-07
8.547672e-07
8.510589e-07
7.820564e-07
6.117384e-07
6.118695e-07
5.880993e-07
5.731384e-07
5.577246e-07
5.234154e-07
4.659344e-07
4.480171e-07
4.101466e-07
4.063395e-07
3.909926e-07
3.856013e-07
3.644711e-07
3.419956e-07
3.227149e-07
3.150074e-07
2.908003e-07
2.727645e-07
2.758457e-07
2.677950e-07
2.502797e-07
2.377304e-07
2.238332e-07
2.134409e-07
2.289532e-07
2.236448e-07
2.032301e-07
1.897427e-07
1.792730e-07
1.690682e-07
1.840406e-07
1.828744e-07
1.623220e-07
1.601364e-07
1.566648e-07
1.360726e-07
1.555626e-07
1.476942e-07
1.389511e-07
1.342724e-07
1.263619e-07
1.118062e-07
1.351592e-07
1.283763e-07
1.196678e-07
1.098643e-07
1.066509e-07
9.673588e-08
