1.509945e-06
1.489098e-06
1.470270e-06
1.397438e-06
1.294939e-06
1.226480e-06
9.315185e-07
9.287653e-07
8.953884e-07
8.547151e-07
8.551430e-07
7.264251e-07
6.377852e-07
6.044000e-07
5.802058e-07
5.901397e-07
5.477382e-07
5.071736e-07
4.664541e-07
4.533896e-07
4.101361e-07
4.258114e-07
3.879566e-07
3.582056e-07
3.464854e-07
3.390005e-07
3.263800e-07
3.101070e-07
3.073257e-07
2.864579e-07
2.829594e-07
2.727899e-07
2.582897e-07
2.356110e-07
2.397678e-07
2.158011e-07
2.317808e-07
2.156460e-07
2.021304e-07
1.907683e-07
1.850239e-07
1.678925e-07
1.895027e-07
1.769637e-07
1.707356e-07
1.543619e-07
1.512452e-07
1.342322e-07
1.535437e-07
1.454210e-07
1.370979e-07
1.320662e-07
1.232210e-07
1.162104e-07
1.329040e-07
1.226761e-07
1.170882e-07
1.114283e-07
1.034525e-07
9.675448e-08
