1.622238e-06
1.388655e-06
1.524871e-06
1.429228e-06
1.368502e-06
1.317980e-06
9.161609e-07
8.454942e-07
8.433490e-07
8.383347e-07
8.245775e-07
7.927569e-07
6.516767e-07
5.780107e-07
5.973108e-07
5.851512e-07
5.442101e-07
4.917229e-07
4.480850e-07
4.445111e-07
4.346800e-07
4.217867e-07
3.928746e-07
3.571178e-07
3.527895e-07
3.276612e-07
3.197500e-07
3.158735e-07
2.956026e-07
2.687544e-07
2.684922e-07
2.730947e-07
2.501004e-07
2.464730e-07
2.253011e-07
2.148977e-07
2.286798e-07
2.154920e-07
2.001910e-07
1.950044e-07
1.839934e-07
1.699347e-07
1.882083e-07
1.754793e-07
1.665728e-07
1.530596e-07
1.481896e-07
1.415068e-07
1.526704e-07
1.479933e-07
1.374059e-07
1.295522e-07
1.242818e-07
1.161774e-07
1.334383e-07
1.272328e-07
1.199733e-07
1.085495e-07
1.020118e-07
1.009102e-07
