1.442854e-06
1.462934e-06
1.376869e-06
1.414366e-06
1.308832e-06
1.218017e-06
9.103441e-07
9.081847e-07
8.564431e-07
8.631154e-07
7.876022e-07
7.767061e-07
6.430687e-07
6.263182e-07
5.876510e-07
5.786895e-07
5.577489e-07
5.137515e-07
4.847822e-07
4.551959e-07
4.176759e-07
4.091684e-07
4.089755e-07
3.713648e-07
3.710944e-07
3.457481e-07
3.150091e-07
3.055351e-07
2.928290e-07
2.858801e-07
2.947383e-07
2.677794e-07
2.427731e-07
2.381119e-07
2.290732e-07
2.206502e-07
2.319214e-07
2.092212e-07
2.024754e-07
1.952327e-07
1.857571e-07
1.767582e-07
1.928824e-07
1.753251e-07
1.681515e-07
1.606642e-07
1.499959e-07
1.416368e-07
1.550227e-07
1.488402e-07
1.404434e-07
1.291774e-07
1.261999e-07
1.206715e-07
1.311292e-07
1.234570e-07
1.237107e-07
1.101210e-07
1.050143e-07
1.007316e-07
