1.491991e-06
1.420033e-06
1.436601e-06
1.431232e-06
1.308171e-06
1.271013e-06
8.896635e-07
8.469821e-07
8.724598e-07
8.564552e-07
7.882104e-07
7.698382e-07
6.144891e-07
6.119110e-07
5.778893e-07
5.973635e-07
5.451966e-07
5.424243e-07
4.719212e-07
4.500399e-07
4.443640e-07
4.009871e-07
3.914757e-07
3.494444e-07
3.411258e-07
3.509835e-07
3.309579e-07
3.299862e-07
2.995967e-07
2.727607e-07
2.820006e-07
2.718017e-07
2.571288e-07
2.456750e-07
2.282890e-07
2.113689e-07
2.322673e-07
2.244387e-07
2.062178e-07
1.969220e-07
1.928925e-07
1.737533e-07
1.911048e-07
1.741937e-07
1.701164e-07
1.681732e-07
1.520539e-07
1.407873e-07
1.622419e-07
1.524291e-07
1.405406e-07
1.346167e-07
1.287523e-07
1.208582e-07
1.398047e-07
1.307641e-07
1.226946e-07
1.118182e-07
1.052352e-07
9.591032e-08
