4.489406e-06
4.316355e-06
4.207076e-06
4.023712e-06
4.013840e-06
3.883165e-06
3.404364e-06
3.334416e-06
3.365274e-06
3.210079e-06
3.053592e-06
3.019935e-06
2.791358e-06
2.651437e-06
2.625878e-06
2.493936e-06
2.368963e-06
2.355260e-06
2.248850e-06
2.165418e-06
2.107416e-06
2.010722e-06
1.935377e-06
1.904068e-06
1.839001e-06
1.780657e-06
1.711384e-06
1.614285e-06
1.569104e-06
1.537375e-06
1.530035e-06
1.534909e-06
1.437053e-06
1.359522e-06
1.341184e-06
1.267440e-06
1.289927e-06
1.257165e-06
1.212772e-06
1.169342e-06
1.116435e-06
1.081197e-06
1.136451e-06
1.093051e-06
1.070239e-06
1.008309e-06
9.682890e-07
9.181112e-07
9.774609e-07
9.405952e-07
9.245126e-07
8.759773e-07
8.330627e-07
7.958779e-07
8.724027e-07
8.500716e-07
8.116645e-07
7.778870e-07
7.374288e-07
6.862471e-07
7.730860e-07
7.464550e-07
7.190436e-07
6.752159e-07
6.533578e-07
6.104710e-07
6.941710e-07
6.694952e-07
6.411608e-07
6.073235e-07
5.733338e-07
5.449340e-07
6.198643e-07
5.876049e-07
5.709325e-07
5.449950e-07
5.189547e-07
4.891028e-07
5.613615e-07
5.334340e-07
5.115975e-07
4.890691e-07
4.595452e-07
4.399841e-07
5.070989e-07
4.920646e-07
4.612982e-07
4.326311e-07
4.202992e-07
3.959070e-07
4.689473e-07
4.465778e-07
4.280031e-07
3.945435e-07
3.775626e-07
3.550208e-07
4.320248e-07
4.107516e-07
3.871249e-07
3.572604e-07
3.440517e-07
3.218781e-07
4.045822e-07
3.750916e-07
3.594558e-07
3.355814e-07
3.175762e-07
2.941175e-07
3.729376e-07
3.471542e-07
3.274147e-07
3.075471e-07
2.911950e-07
2.715753e-07
3.447517e-07
3.256088e-07
3.009415e-07
2.837939e-07
2.691804e-07
2.526436e-07
