1.417877e-06
1.451759e-06
1.440796e-06
1.459539e-06
1.380443e-06
1.295252e-06
9.475858e-07
9.310124e-07
8.585254e-07
8.610896e-07
8.617580e-07
8.169090e-07
6.598841e-07
6.191619e-07
5.793598e-07
5.748285e-07
5.572335e-07
5.288428e-07
4.465046e-07
4.462015e-07
4.085766e-07
4.159077e-07
4.003809e-07
3.859615e-07
3.611892e-07
3.481289e-07
3.145426e-07
2.936855e-07
2.837576e-07
2.847241e-07
2.932062e-07
2.594201e-07
2.420476e-07
2.356551e-07
2.330676e-07
2.240075e-07
2.293856e-07
2.092503e-07
2.044878e-07
1.879624e-07
1.830339e-07
1.729934e-07
1.844770e-07
1.747924e-07
1.663201e-07
1.585742e-07
1.458834e-07
1.395572e-07
1.536455e-07
1.493885e-07
1.437426e-07
1.355624e-07
1.247049e-07
1.143604e-07
1.378472e-07
1.251716e-07
1.160903e-07
1.097540e-07
1.015185e-07
9.636876e-08
