1.472188e-06
1.522138e-06
1.375919e-06
1.375906e-06
1.320505e-06
1.285477e-06
8.899847e-07
8.945583e-07
8.675080e-07
8.454520e-07
7.871600e-07
7.931813e-07
6.306230e-07
6.141456e-07
6.038744e-07
5.600048e-07
5.503058e-07
5.207548e-07
4.614250e-07
4.577267e-07
4.181258e-07
4.094255e-07
3.820659e-07
3.677810e-07
3.497649e-07
3.393208e-07
3.206344e-07
2.977179e-07
2.946837e-07
2.806173e-07
2.808625e-07
2.761821e-07
2.534932e-07
2.400494e-07
2.288343e-07
2.190571e-07
2.268191e-07
2.136933e-07
2.033687e-07
1.917539e-07
1.839705e-07
1.677049e-07
1.830777e-07
1.751626e-07
1.672027e-07
1.567921e-07
1.405516e-07
1.381757e-07
1.490202e-07
1.491944e-07
1.432518e-07
1.346108e-07
1.197049e-07
1.148455e-07
1.335460e-07
1.267085e-07
1.185540e-07
1.119668e-07
1.031850e-07
9.653148e-08
