4.472141e-06
4.365214e-06
4.329624e-06
4.121501e-06
4.069042e-06
3.873545e-06
3.418959e-06
3.313395e-06
3.329898e-06
3.105128e-06
3.055471e-06
2.997002e-06
2.695762e-06
2.625398e-06
2.544400e-06
2.515312e-06
2.386708e-06
2.337027e-06
2.204800e-06
2.153362e-06
2.099277e-06
2.033078e-06
1.991313e-06
1.915038e-06
1.861807e-06
1.764846e-06
1.713826e-06
1.699586e-06
1.611068e-06
1.561818e-06
1.524977e-06
1.503639e-06
1.451412e-06
1.417761e-06
1.351195e-06
1.287582e-06
1.297880e-06
1.291819e-06
1.227256e-06
1.196984e-06
1.153497e-06
1.094090e-06
1.130439e-06
1.103795e-06
1.041999e-06
1.010831e-06
9.802481e-07
9.327877e-07
1.006824e-06
9.666432e-07
9.048178e-07
8.912746e-07
8.406116e-07
7.990970e-07
8.895430e-07
8.340211e-07
7.897752e-07
7.624824e-07
7.385334e-07
6.912516e-07
7.840491e-07
7.412138e-07
7.056306e-07
6.741994e-07
6.522062e-07
6.075792e-07
7.138022e-07
6.679253e-07
6.316505e-07
6.003243e-07
5.783882e-07
5.425410e-07
6.223981e-07
6.026965e-07
5.606473e-07
5.365333e-07
5.137366e-07
4.773283e-07
5.692828e-07
5.437346e-07
5.072437e-07
4.811957e-07
4.584743e-07
4.299584e-07
5.112940e-07
4.900102e-07
4.601261e-07
4.383201e-07
4.137331e-07
3.898783e-07
4.719177e-07
4.518402e-07
4.199817e-07
3.999232e-07
3.767572e-07
3.515089e-07
4.354052e-07
4.117572e-07
3.887920e-07
3.679452e-07
3.398850e-07
3.227860e-07
4.064122e-07
3.845256e-07
3.537037e-07
3.308613e-07
3.139016e-07
2.950564e-07
3.708215e-07
3.458542e-07
3.290924e-07
3.038468e-07
2.887174e-07
2.700808e-07
3.416536e-07
3.253694e-07
2.998197e-07
2.826015e-07
2.614398e-07
2.545696e-07
