1.554216e-06
1.516077e-06
1.465987e-06
1.452979e-06
1.352562e-06
1.290925e-06
9.257367e-07
9.068372e-07
9.266969e-07
8.752166e-07
8.163485e-07
7.757472e-07
6.421258e-07
6.270439e-07
6.061301e-07
5.856347e-07
5.380797e-07
5.230908e-07
4.846698e-07
4.641351e-07
4.352594e-07
3.986934e-07
4.049268e-07
3.707286e-07
3.641576e-07
3.341819e-07
3.285805e-07
3.007087e-07
2.968137e-07
2.719380e-07
2.822516e-07
2.717030e-07
2.405537e-07
2.373873e-07
2.203796e-07
2.145200e-07
2.191169e-07
2.133093e-07
1.988112e-07
1.906792e-07
1.794725e-07
1.723135e-07
1.841464e-07
1.745974e-07
1.621279e-07
1.563112e-07
1.468962e-07
1.460918e-07
1.524633e-07
1.433945e-07
1.353573e-07
1.300859e-07
1.216237e-07
1.189520e-07
1.379114e-07
1.306568e-07
1.183231e-07
1.127510e-07
1.039954e-07
1.000058e-07
