1.454047e-06
1.434857e-06
1.427545e-06
1.332744e-06
1.316172e-06
1.210877e-06
9.529792e-07
8.936852e-07
8.517476e-07
8.025438e-07
7.688197e-07
7.287478e-07
6.369856e-07
6.345723e-07
5.749617e-07
5.461224e-07
5.543076e-07
5.075203e-07
4.698544e-07
4.523770e-07
4.108559e-07
3.861762e-07
3.897151e-07
3.580198e-07
3.387065e-07
3.426004e-07
3.208567e-07
2.983088e-07
2.984690e-07
2.733347e-07
2.771230e-07
2.667717e-07
2.491692e-07
2.425848e-07
2.354550e-07
2.251325e-07
2.224969e-07
2.180737e-07
2.026226e-07
1.990247e-07
1.836212e-07
1.735051e-07
1.945886e-07
1.770294e-07
1.659959e-07
1.628077e-07
1.548377e-07
1.379975e-07
1.592192e-07
1.486543e-07
1.380582e-07
1.337587e-07
1.247176e-07
1.105810e-07
1.358632e-07
1.240737e-07
1.149541e-07
1.123498e-07
1.006797e-07
9.714741e-08
