4.478883e-06
4.325277e-06
4.250303e-06
4.147339e-06
4.072040e-06
3.904447e-06
3.442802e-06
3.340305e-06
3.251441e-06
3.116060e-06
3.060742e-06
2.887570e-06
2.733739e-06
2.629765e-06
2.555660e-06
2.532173e-06
2.428222e-06
2.322879e-06
2.188306e-06
2.105627e-06
2.054956e-06
1.991284e-06
1.962613e-06
1.873148e-06
1.854436e-06
1.772023e-06
1.701287e-06
1.633835e-06
1.606530e-06
1.559574e-06
1.559778e-06
1.491751e-06
1.406075e-06
1.371522e-06
1.355372e-06
1.297338e-06
1.293563e-06
1.272044e-06
1.204177e-06
1.192399e-06
1.143197e-06
1.081537e-06
1.136607e-06
1.090039e-06
1.051275e-06
1.029364e-06
1.001157e-06
9.213292e-07
9.976552e-07
9.518478e-07
9.215639e-07
8.971740e-07
8.560657e-07
7.873910e-07
8.745957e-07
8.421511e-07
8.140752e-07
7.960993e-07
7.385857e-07
6.828874e-07
7.699214e-07
7.469387e-07
7.172225e-07
6.906279e-07
6.484010e-07
6.049811e-07
6.851753e-07
6.564677e-07
6.471318e-07
6.100455e-07
5.757649e-07
5.406817e-07
6.166081e-07
5.911797e-07
5.747999e-07
5.533426e-07
5.160886e-07
4.747075e-07
5.734300e-07
5.390939e-07
5.169859e-07
4.901827e-07
4.626991e-07
4.283568e-07
5.141198e-07
4.887100e-07
4.667624e-07
4.399098e-07
4.154541e-07
3.940044e-07
4.762704e-07
4.458609e-07
4.228090e-07
3.967834e-07
3.820326e-07
3.553831e-07
4.327872e-07
4.073080e-07
3.835615e-07
3.582681e-07
3.461214e-07
3.266073e-07
4.022999e-07
3.769484e-07
3.515053e-07
3.301638e-07
3.146315e-07
2.957835e-07
3.712205e-07
3.469452e-07
3.282580e-07
3.026930e-07
2.921119e-07
2.747577e-07
3.448447e-07
3.226579e-07
3.028962e-07
2.808130e-07
2.647202e-07
2.531100e-07
