1.295546e+03
1.216920e+03
1.182513e+03
9.732830e+02
1.013740e+03
9.090350e+02
2.027130e+03
1.847664e+03
1.683152e+03
1.569725e+03
1.513519e+03
1.389699e+03
2.686396e+03
2.473920e+03
2.472863e+03
2.016526e+03
1.900133e+03
1.711213e+03
3.614797e+03
3.321978e+03
3.100394e+03
2.571874e+03
2.427477e+03
2.368623e+03
4.877203e+03
4.089810e+03
3.917226e+03
3.481581e+03
2.950533e+03
3.006512e+03
5.915078e+03
5.342376e+03
4.731615e+03
4.266206e+03
3.689252e+03
3.406406e+03
8.152526e+03
6.316670e+03
5.648891e+03
4.829258e+03
4.146306e+03
3.924946e+03
8.806012e+03
7.565054e+03
6.125505e+03
5.711107e+03
4.767295e+03
4.569135e+03
1.091766e+04
8.900862e+03
7.299805e+03
6.162346e+03
5.360255e+03
4.933740e+03
1.203425e+04
1.039842e+04
8.073066e+03
6.804500e+03
6.247947e+03
5.700189e+03
