4.509182e-06
4.312403e-06
4.286907e-06
4.157628e-06
4.076012e-06
3.996672e-06
3.346507e-06
3.341911e-06
3.245082e-06
3.191129e-06
3.086266e-06
3.027159e-06
2.701271e-06
2.601705e-06
2.530693e-06
2.468611e-06
2.432147e-06
2.382753e-06
2.179249e-06
2.150163e-06
2.079398e-06
2.025055e-06
1.941991e-06
1.883884e-06
1.837521e-06
1.786060e-06
1.712014e-06
1.663789e-06
1.630713e-06
1.556364e-06
1.552824e-06
1.514808e-06
1.426450e-06
1.392551e-06
1.318820e-06
1.267775e-06
1.333606e-06
1.281518e-06
1.241483e-06
1.173334e-06
1.111026e-06
1.093907e-06
1.151601e-06
1.098340e-06
1.055624e-06
1.020430e-06
9.660017e-07
9.281861e-07
1.018853e-06
9.563276e-07
9.190444e-07
8.821700e-07
8.383049e-07
7.946481e-07
8.949952e-07
8.504678e-07
8.038589e-07
7.736811e-07
7.313030e-07
6.921212e-07
7.966875e-07
7.533916e-07
7.143567e-07
6.803306e-07
6.445300e-07
6.045298e-07
7.069881e-07
6.635149e-07
6.357050e-07
6.042552e-07
5.700842e-07
5.396152e-07
6.308786e-07
5.927841e-07
5.751788e-07
5.557054e-07
5.147396e-07
4.811632e-07
5.638099e-07
5.387183e-07
5.135627e-07
5.038304e-07
4.605128e-07
4.332642e-07
5.143322e-07
4.902454e-07
4.673459e-07
4.445867e-07
4.160924e-07
3.899659e-07
4.661987e-07
4.420221e-07
4.201354e-07
4.031968e-07
3.801176e-07
3.527724e-07
4.307388e-07
4.121729e-07
3.831384e-07
3.636463e-07
3.412031e-07
3.177495e-07
3.953364e-07
3.788396e-07
3.566981e-07
3.338816e-07
3.151193e-07
2.887765e-07
3.647546e-07
3.484507e-07
3.289811e-07
3.072921e-07
2.925304e-07
2.656432e-07
3.390251e-07
3.232373e-07
3.046897e-07
2.866396e-07
2.671374e-07
2.514455e-07
