4.546256e-06
4.501741e-06
4.394141e-06
4.344942e-06
4.042445e-06
3.911887e-06
3.509085e-06
3.361291e-06
3.382721e-06
3.203687e-06
3.051736e-06
2.986001e-06
2.716847e-06
2.714961e-06
2.617850e-06
2.499731e-06
2.406356e-06
2.329387e-06
2.214540e-06
2.172704e-06
2.060698e-06
2.023371e-06
1.944594e-06
1.859338e-06
1.819478e-06
1.757836e-06
1.696035e-06
1.642706e-06
1.607764e-06
1.503205e-06
1.577160e-06
1.443183e-06
1.397142e-06
1.393967e-06
1.345875e-06
1.259693e-06
1.323708e-06
1.239155e-06
1.208494e-06
1.191866e-06
1.147283e-06
1.065131e-06
1.139506e-06
1.093996e-06
1.070862e-06
1.022651e-06
9.693609e-07
9.112520e-07
1.003646e-06
9.544732e-07
9.360638e-07
8.894583e-07
8.368259e-07
7.881249e-07
8.829550e-07
8.428250e-07
8.197238e-07
7.666657e-07
7.285608e-07
6.834690e-07
7.789384e-07
7.453838e-07
7.153288e-07
6.857362e-07
6.511496e-07
6.050860e-07
6.993899e-07
6.719268e-07
6.523498e-07
6.024501e-07
5.694093e-07
5.359981e-07
6.284146e-07
6.073028e-07
5.719434e-07
5.389959e-07
5.063016e-07
4.709555e-07
5.643841e-07
5.426942e-07
5.115050e-07
4.866545e-07
4.561386e-07
4.262340e-07
5.212601e-07
4.847640e-07
4.596351e-07
4.339111e-07
4.103601e-07
3.854462e-07
4.757925e-07
4.524004e-07
4.201063e-07
3.969716e-07
3.704320e-07
3.490645e-07
4.421721e-07
4.222965e-07
3.837657e-07
3.578044e-07
3.436711e-07
3.225210e-07
4.028487e-07
3.798785e-07
3.522759e-07
3.294506e-07
3.114704e-07
2.937880e-07
3.766112e-07
3.492956e-07
3.256849e-07
3.048560e-07
2.851220e-07
2.698453e-07
3.482702e-07
3.230321e-07
2.967600e-07
2.819454e-07
2.635001e-07
2.529028e-07
