4.607991e-06
4.462645e-06
4.269461e-06
4.098258e-06
3.992608e-06
3.894195e-06
3.423885e-06
3.351518e-06
3.256370e-06
3.147105e-06
3.004856e-06
2.983390e-06
2.736935e-06
2.620751e-06
2.556818e-06
2.481010e-06
2.434458e-06
2.340740e-06
2.159651e-06
2.127389e-06
2.100071e-06
2.029863e-06
1.964957e-06
1.873471e-06
1.798476e-06
1.750134e-06
1.700964e-06
1.665309e-06
1.618970e-06
1.515015e-06
1.491235e-06
1.471262e-06
1.425198e-06
1.408547e-06
1.346670e-06
1.285712e-06
1.301861e-06
1.253404e-06
1.232991e-06
1.189487e-06
1.140097e-06
1.085828e-06
1.110104e-06
1.109658e-06
1.044747e-06
1.003171e-06
9.662530e-07
9.255687e-07
1.007628e-06
9.570885e-07
9.141876e-07
8.692883e-07
8.352497e-07
7.853441e-07
8.776857e-07
8.465250e-07
8.062518e-07
7.650553e-07
7.162360e-07
6.981182e-07
7.750354e-07
7.528171e-07
7.173129e-07
6.866292e-07
6.347268e-07
6.135792e-07
6.968194e-07
6.769811e-07
6.396496e-07
6.070553e-07
5.596588e-07
5.350802e-07
6.376082e-07
6.054309e-07
5.728423e-07
5.396806e-07
5.043757e-07
4.823952e-07
5.753313e-07
5.485970e-07
5.235613e-07
4.826215e-07
4.586318e-07
4.323807e-07
5.126757e-07
4.962209e-07
4.683777e-07
4.391259e-07
4.075986e-07
3.869868e-07
4.698690e-07
4.453553e-07
4.204450e-07
3.975100e-07
3.728508e-07
3.594926e-07
4.338036e-07
4.089754e-07
3.860707e-07
3.620262e-07
3.412211e-07
3.267057e-07
4.028910e-07
3.747322e-07
3.501394e-07
3.343972e-07
3.086545e-07
2.987618e-07
3.690372e-07
3.476190e-07
3.217207e-07
3.009959e-07
2.877098e-07
2.747288e-07
3.482173e-07
3.188215e-07
2.977801e-07
2.813111e-07
2.651198e-07
2.543495e-07
