1.453204e-06
1.424703e-06
1.333712e-06
1.380891e-06
1.322616e-06
1.173200e-06
8.822152e-07
8.773364e-07
8.456586e-07
8.218963e-07
8.025095e-07
7.655459e-07
6.461986e-07
6.219327e-07
5.844162e-07
5.596035e-07
5.492341e-07
4.794535e-07
4.783586e-07
4.478505e-07
4.343753e-07
4.194257e-07
3.892250e-07
3.576519e-07
3.770341e-07
3.406045e-07
3.337955e-07
3.195834e-07
3.058515e-07
2.693225e-07
2.715688e-07
2.662901e-07
2.648784e-07
2.417023e-07
2.302530e-07
2.112074e-07
2.157452e-07
2.216526e-07
2.065923e-07
1.983820e-07
1.810229e-07
1.743286e-07
1.818283e-07
1.789579e-07
1.710197e-07
1.580991e-07
1.493414e-07
1.415094e-07
1.528113e-07
1.464527e-07
1.415085e-07
1.359819e-07
1.234258e-07
1.149373e-07
1.296516e-07
1.214725e-07
1.192212e-07
1.156107e-07
1.056129e-07
9.528915e-08
