1.428057e-06
1.404852e-06
1.394892e-06
1.339921e-06
1.267467e-06
1.250001e-06
8.957417e-07
9.054300e-07
8.930487e-07
8.628995e-07
8.117200e-07
7.701689e-07
6.420229e-07
6.130942e-07
6.141966e-07
5.759221e-07
5.745376e-07
5.401452e-07
4.711848e-07
4.520841e-07
4.280114e-07
4.036075e-07
3.920731e-07
3.989715e-07
3.477581e-07
3.250994e-07
3.317982e-07
3.114231e-07
3.021731e-07
2.943073e-07
2.722240e-07
2.640515e-07
2.519784e-07
2.424856e-07
2.278004e-07
2.248273e-07
2.173103e-07
2.109381e-07
2.118594e-07
1.940229e-07
1.889409e-07
1.760171e-07
1.700000e-07
1.731416e-07
1.668563e-07
1.598806e-07
1.448160e-07
1.459454e-07
1.523158e-07
1.392749e-07
1.383277e-07
1.369267e-07
1.218499e-07
1.187110e-07
1.307956e-07
1.232484e-07
1.159570e-07
1.109652e-07
1.042664e-07
9.658923e-08
