1.457738e+03
1.174245e+03
1.226046e+03
1.004907e+03
1.008024e+03
9.340151e+02
2.030680e+03
1.612727e+03
1.823903e+03
1.656037e+03
1.534628e+03
1.384890e+03
2.960050e+03
2.558847e+03
2.185430e+03
2.173700e+03
2.107127e+03
1.756441e+03
4.005190e+03
3.746922e+03
3.172751e+03
2.697940e+03
2.648240e+03
2.256162e+03
5.112988e+03
4.498460e+03
4.252731e+03
3.589324e+03
3.290354e+03
2.750198e+03
5.752257e+03
5.084900e+03
4.596869e+03
4.495095e+03
3.886893e+03
3.239514e+03
7.963639e+03
6.262650e+03
5.896292e+03
5.211859e+03
4.363110e+03
3.697596e+03
8.956224e+03
6.734887e+03
6.407356e+03
5.883146e+03
5.127197e+03
4.608879e+03
1.063173e+04
8.590744e+03
6.995207e+03
6.394355e+03
5.875626e+03
4.984264e+03
1.236379e+04
9.896421e+03
7.772752e+03
6.795104e+03
6.025895e+03
5.676272e+03
