1.445637e-06
1.340846e-06
1.325678e-06
1.385054e-06
1.329300e-06
1.247699e-06
9.412438e-07
8.840910e-07
8.691051e-07
7.868899e-07
8.032282e-07
7.618018e-07
6.335065e-07
6.044570e-07
5.747070e-07
5.461567e-07
5.369615e-07
4.935121e-07
4.746295e-07
4.395607e-07
4.292947e-07
4.006103e-07
3.846305e-07
3.503372e-07
3.628927e-07
3.342794e-07
3.145789e-07
3.104505e-07
2.817742e-07
2.654495e-07
2.882585e-07
2.738345e-07
2.498693e-07
2.310316e-07
2.197925e-07
2.156133e-07
2.275552e-07
2.137083e-07
2.034110e-07
1.875710e-07
1.766316e-07
1.674046e-07
1.920298e-07
1.790302e-07
1.657753e-07
1.610203e-07
1.486920e-07
1.420328e-07
1.599190e-07
1.479495e-07
1.355907e-07
1.362373e-07
1.243011e-07
1.206062e-07
1.351589e-07
1.262655e-07
1.176455e-07
1.124380e-07
1.046774e-07
9.999513e-08
