1.464221e-06
1.399057e-06
1.345352e-06
1.340350e-06
1.393557e-06
1.198431e-06
9.209464e-07
8.597833e-07
8.579277e-07
8.579767e-07
8.167633e-07
7.801569e-07
6.198343e-07
6.285781e-07
6.002407e-07
5.921209e-07
5.408131e-07
5.391377e-07
4.614988e-07
4.502684e-07
4.189183e-07
3.898004e-07
4.116011e-07
3.982410e-07
3.581347e-07
3.386351e-07
3.322983e-07
3.023408e-07
2.978255e-07
2.927854e-07
2.840126e-07
2.679190e-07
2.573602e-07
2.332596e-07
2.255155e-07
2.153863e-07
2.237811e-07
2.066377e-07
2.078354e-07
1.940991e-07
1.806786e-07
1.713017e-07
1.834084e-07
1.765154e-07
1.659252e-07
1.604695e-07
1.486179e-07
1.369024e-07
1.534801e-07
1.460965e-07
1.420131e-07
1.360223e-07
1.206289e-07
1.145452e-07
1.293623e-07
1.278528e-07
1.186703e-07
1.124879e-07
1.036038e-07
9.946070e-08
