1.400885e-06
1.326885e-06
1.406859e-06
1.369911e-06
1.365203e-06
1.293201e-06
9.128251e-07
8.962831e-07
8.469779e-07
8.209573e-07
7.895746e-07
7.622638e-07
6.173296e-07
5.884022e-07
5.869619e-07
5.581522e-07
5.329351e-07
4.963360e-07
4.497827e-07
4.569731e-07
4.400546e-07
4.127300e-07
4.066671e-07
3.699255e-07
3.531696e-07
3.379551e-07
3.384832e-07
3.251411e-07
2.987415e-07
2.755244e-07
2.893383e-07
2.638825e-07
2.580485e-07
2.456993e-07
2.304849e-07
2.113163e-07
2.311279e-07
2.254757e-07
2.030908e-07
1.952422e-07
1.780556e-07
1.643220e-07
1.911831e-07
1.774096e-07
1.695626e-07
1.556421e-07
1.480582e-07
1.348421e-07
1.564330e-07
1.529103e-07
1.387301e-07
1.292233e-07
1.236312e-07
1.148606e-07
1.348438e-07
1.261234e-07
1.194784e-07
1.091073e-07
1.050202e-07
9.929245e-08
