4.568961e-06
4.405990e-06
4.200794e-06
4.260554e-06
4.114178e-06
3.850004e-06
3.532362e-06
3.294281e-06
3.227768e-06
3.139081e-06
3.157823e-06
2.990370e-06
2.709651e-06
2.651779e-06
2.597548e-06
2.522733e-06
2.428188e-06
2.328685e-06
2.192786e-06
2.194948e-06
2.100896e-06
2.037557e-06
1.961038e-06
1.862400e-06
1.824800e-06
1.760295e-06
1.683781e-06
1.680438e-06
1.594248e-06
1.507272e-06
1.530068e-06
1.500862e-06
1.453764e-06
1.384713e-06
1.342157e-06
1.260926e-06
1.325565e-06
1.294214e-06
1.205536e-06
1.170931e-06
1.131316e-06
1.068169e-06
1.150893e-06
1.117418e-06
1.050655e-06
1.009411e-06
9.636930e-07
9.128309e-07
1.000627e-06
9.612843e-07
9.245970e-07
8.873692e-07
8.286665e-07
7.841435e-07
8.651493e-07
8.500028e-07
8.114568e-07
7.695836e-07
7.236890e-07
6.947671e-07
7.644116e-07
7.379260e-07
7.168987e-07
6.711961e-07
6.303778e-07
6.161131e-07
6.899406e-07
6.592973e-07
6.294454e-07
5.937021e-07
5.627869e-07
5.449580e-07
6.185534e-07
6.066922e-07
5.699113e-07
5.294584e-07
5.047951e-07
4.839085e-07
5.617432e-07
5.400781e-07
5.180579e-07
4.828292e-07
4.547524e-07
4.325772e-07
5.086956e-07
4.932950e-07
4.694408e-07
4.387114e-07
4.168335e-07
3.892101e-07
4.689474e-07
4.513753e-07
4.245180e-07
4.005720e-07
3.740722e-07
3.527211e-07
4.386918e-07
4.155752e-07
3.917599e-07
3.636222e-07
3.377242e-07
3.225193e-07
4.005532e-07
3.772811e-07
3.588784e-07
3.384829e-07
3.139455e-07
2.967302e-07
3.743212e-07
3.501918e-07
3.282565e-07
3.065485e-07
2.890276e-07
2.741184e-07
3.421467e-07
3.248342e-07
3.016044e-07
2.812762e-07
2.642866e-07
2.578429e-07
