1.570421e-06
1.410754e-06
1.565640e-06
1.417052e-06
1.303080e-06
1.298272e-06
9.549169e-07
8.608132e-07
8.510156e-07
8.366622e-07
8.637584e-07
8.016339e-07
6.443099e-07
5.981655e-07
6.089120e-07
5.762722e-07
5.775331e-07
5.545578e-07
4.669673e-07
4.583859e-07
4.069132e-07
4.048946e-07
4.035705e-07
3.815863e-07
3.500904e-07
3.555400e-07
3.086312e-07
3.085620e-07
3.080394e-07
2.984526e-07
2.760705e-07
2.681968e-07
2.465977e-07
2.354996e-07
2.315636e-07
2.311351e-07
2.219449e-07
2.117756e-07
1.978159e-07
1.963105e-07
1.832936e-07
1.767340e-07
1.795816e-07
1.781171e-07
1.623603e-07
1.581751e-07
1.477808e-07
1.434310e-07
1.539830e-07
1.526475e-07
1.359350e-07
1.297389e-07
1.218565e-07
1.214620e-07
1.340378e-07
1.265225e-07
1.163743e-07
1.101657e-07
1.010423e-07
1.008691e-07
