1.223214e+03
1.229626e+03
1.157522e+03
8.612850e+02
9.714988e+02
8.922997e+02
1.879581e+03
1.665187e+03
1.763525e+03
1.562852e+03
1.389871e+03
1.559987e+03
2.857018e+03
2.814664e+03
2.428359e+03
2.241361e+03
2.019999e+03
1.916291e+03
3.787684e+03
3.437844e+03
3.053001e+03
2.782280e+03
2.640724e+03
2.418024e+03
4.670076e+03
4.471601e+03
3.811158e+03
3.541221e+03
3.406455e+03
2.840204e+03
6.144882e+03
5.445851e+03
4.937484e+03
4.263425e+03
3.684964e+03
3.222754e+03
7.072519e+03
6.532506e+03
5.525267e+03
4.835303e+03
4.231827e+03
3.767022e+03
8.935251e+03
7.662880e+03
6.362291e+03
5.430933e+03
4.703383e+03
4.222274e+03
1.067379e+04
8.198164e+03
7.256232e+03
5.922063e+03
5.128549e+03
4.887325e+03
1.188877e+04
9.900235e+03
8.307578e+03
6.620533e+03
5.984330e+03
5.050733e+03
