4.401647e-06
4.293496e-06
4.218716e-06
4.214212e-06
4.125631e-06
3.789625e-06
3.418331e-06
3.321711e-06
3.252101e-06
3.167566e-06
2.999009e-06
2.908802e-06
2.730839e-06
2.643014e-06
2.563822e-06
2.518191e-06
2.401372e-06
2.269183e-06
2.199062e-06
2.122223e-06
2.074614e-06
2.006553e-06
1.947924e-06
1.797961e-06
1.777081e-06
1.761937e-06
1.752486e-06
1.658602e-06
1.577311e-06
1.485164e-06
1.551872e-06
1.498032e-06
1.458189e-06
1.385700e-06
1.335762e-06
1.267853e-06
1.304892e-06
1.269830e-06
1.249977e-06
1.186334e-06
1.124155e-06
1.073836e-06
1.150047e-06
1.096457e-06
1.060697e-06
1.014080e-06
9.701093e-07
9.097068e-07
9.903649e-07
9.537912e-07
9.326943e-07
8.837867e-07
8.536697e-07
8.010576e-07
8.891509e-07
8.581637e-07
8.161913e-07
7.807706e-07
7.343153e-07
6.983148e-07
7.917676e-07
7.563915e-07
7.247464e-07
6.695985e-07
6.427386e-07
6.156648e-07
7.038227e-07
6.721648e-07
6.413751e-07
5.973317e-07
5.584648e-07
5.389410e-07
6.289093e-07
6.155746e-07
5.685613e-07
5.301018e-07
5.077633e-07
4.875730e-07
5.717688e-07
5.559030e-07
5.158051e-07
4.723092e-07
4.489756e-07
4.372149e-07
5.187159e-07
5.004444e-07
4.653415e-07
4.233832e-07
4.092182e-07
3.956575e-07
4.702372e-07
4.504698e-07
4.228818e-07
3.906985e-07
3.729920e-07
3.595906e-07
4.326849e-07
4.156008e-07
3.914176e-07
3.613884e-07
3.412168e-07
3.278431e-07
3.998842e-07
3.790767e-07
3.582550e-07
3.332430e-07
3.120660e-07
2.988189e-07
3.697962e-07
3.559588e-07
3.230678e-07
3.061491e-07
2.894673e-07
2.737683e-07
3.446000e-07
3.260592e-07
2.980912e-07
2.829094e-07
2.664932e-07
2.507830e-07
