1.532261e-06
1.496407e-06
1.402498e-06
1.400062e-06
1.374546e-06
1.316549e-06
9.598444e-07
8.795671e-07
8.818673e-07
8.058678e-07
7.898281e-07
7.825665e-07
6.139269e-07
6.004067e-07
5.909748e-07
5.671917e-07
5.322470e-07
5.207594e-07
4.513844e-07
4.603438e-07
4.166747e-07
4.153518e-07
3.854345e-07
3.824778e-07
3.540552e-07
3.264869e-07
3.250287e-07
3.027723e-07
2.981268e-07
2.946137e-07
2.880307e-07
2.625201e-07
2.516084e-07
2.456905e-07
2.318360e-07
2.215438e-07
2.291330e-07
2.101809e-07
2.079912e-07
2.004856e-07
1.839185e-07
1.754485e-07
1.977507e-07
1.753022e-07
1.635613e-07
1.577869e-07
1.501500e-07
1.420227e-07
1.560921e-07
1.486813e-07
1.400197e-07
1.292199e-07
1.253070e-07
1.133126e-07
1.346283e-07
1.283113e-07
1.166985e-07
1.092306e-07
1.033157e-07
9.721074e-08
