1.552898e-06
1.428765e-06
1.285308e-06
1.341259e-06
1.421833e-06
1.242986e-06
9.042668e-07
8.207416e-07
8.387609e-07
8.400927e-07
8.047747e-07
7.565667e-07
6.210534e-07
5.907147e-07
6.020997e-07
5.635737e-07
5.373928e-07
5.149400e-07
4.491784e-07
4.392847e-07
4.260561e-07
4.012635e-07
3.732297e-07
3.755237e-07
3.393953e-07
3.273999e-07
3.183209e-07
3.044067e-07
2.840461e-07
2.837148e-07
2.726953e-07
2.638286e-07
2.481411e-07
2.400035e-07
2.316638e-07
2.173453e-07
2.131749e-07
2.170597e-07
1.987118e-07
1.902680e-07
1.817386e-07
1.707887e-07
1.854915e-07
1.762118e-07
1.708132e-07
1.618637e-07
1.521454e-07
1.339728e-07
1.563202e-07
1.466947e-07
1.445237e-07
1.367832e-07
1.243974e-07
1.119605e-07
1.304844e-07
1.236522e-07
1.223193e-07
1.135447e-07
1.071584e-07
9.894727e-08
