1.416263e-06
1.480944e-06
1.469091e-06
1.337008e-06
1.379464e-06
1.221601e-06
9.046666e-07
8.996188e-07
8.987735e-07
8.597032e-07
8.411890e-07
7.738967e-07
6.076809e-07
6.249661e-07
6.147944e-07
5.789800e-07
5.628047e-07
5.331267e-07
4.531542e-07
4.483441e-07
4.385485e-07
4.375527e-07
4.123190e-07
3.701718e-07
3.507603e-07
3.341271e-07
3.278408e-07
3.115230e-07
2.919094e-07
2.724462e-07
2.812787e-07
2.707586e-07
2.513651e-07
2.488425e-07
2.234211e-07
2.185403e-07
2.242699e-07
2.217648e-07
2.048772e-07
1.924071e-07
1.820137e-07
1.749220e-07
1.903128e-07
1.747692e-07
1.649075e-07
1.551587e-07
1.481524e-07
1.460690e-07
1.593503e-07
1.476389e-07
1.373744e-07
1.290340e-07
1.240953e-07
1.183182e-07
1.333946e-07
1.235065e-07
1.160365e-07
1.105882e-07
1.040273e-07
9.925335e-08
