1.502619e-06
1.434448e-06
1.385738e-06
1.331653e-06
1.319225e-06
1.294852e-06
9.258842e-07
8.161501e-07
8.526197e-07
8.745122e-07
7.952728e-07
7.867920e-07
6.070163e-07
6.005841e-07
6.081070e-07
5.926194e-07
5.294454e-07
5.137405e-07
4.481691e-07
4.452069e-07
4.293529e-07
4.341773e-07
4.132847e-07
3.790910e-07
3.432940e-07
3.379351e-07
3.231554e-07
3.199550e-07
2.948998e-07
2.711138e-07
2.740697e-07
2.760993e-07
2.704765e-07
2.505548e-07
2.358460e-07
2.132992e-07
2.363623e-07
2.117995e-07
2.076396e-07
1.954236e-07
1.815458e-07
1.689017e-07
1.899044e-07
1.767010e-07
1.697743e-07
1.556865e-07
1.530401e-07
1.362939e-07
1.531902e-07
1.458849e-07
1.454517e-07
1.313438e-07
1.227861e-07
1.148016e-07
1.326425e-07
1.229780e-07
1.208545e-07
1.091938e-07
1.054049e-07
1.003594e-07
