4.345850e-06
4.321134e-06
4.364275e-06
4.156791e-06
4.130748e-06
3.869201e-06
3.402057e-06
3.350050e-06
3.233363e-06
3.135850e-06
3.126714e-06
3.004875e-06
2.672669e-06
2.658658e-06
2.608798e-06
2.471700e-06
2.345214e-06
2.249601e-06
2.190494e-06
2.122285e-06
2.091723e-06
2.027577e-06
1.938431e-06
1.829802e-06
1.797225e-06
1.762973e-06
1.700700e-06
1.642097e-06
1.589825e-06
1.527482e-06
1.516787e-06
1.450553e-06
1.432598e-06
1.391332e-06
1.338789e-06
1.278794e-06
1.280364e-06
1.264836e-06
1.230236e-06
1.161537e-06
1.124738e-06
1.074523e-06
1.119061e-06
1.096117e-06
1.053421e-06
1.016778e-06
9.781886e-07
9.130262e-07
9.881330e-07
9.479874e-07
9.465233e-07
8.886593e-07
8.302171e-07
7.899204e-07
8.829886e-07
8.491435e-07
8.073302e-07
7.681281e-07
7.282175e-07
6.978256e-07
7.878466e-07
7.489253e-07
7.252014e-07
6.754336e-07
6.346454e-07
6.170604e-07
7.027519e-07
6.745148e-07
6.439156e-07
5.948919e-07
5.684777e-07
5.419200e-07
6.224038e-07
6.024525e-07
5.613587e-07
5.383429e-07
5.049295e-07
4.816106e-07
5.699059e-07
5.375186e-07
5.186145e-07
4.832366e-07
4.588815e-07
4.294672e-07
5.127476e-07
4.990102e-07
4.677796e-07
4.330080e-07
4.219419e-07
3.875393e-07
4.712455e-07
4.538236e-07
4.275500e-07
3.969983e-07
3.798131e-07
3.465148e-07
4.319195e-07
4.167878e-07
3.978091e-07
3.605669e-07
3.487829e-07
3.204490e-07
3.982148e-07
3.863640e-07
3.657315e-07
3.319315e-07
3.146781e-07
2.914265e-07
3.708424e-07
3.567532e-07
3.351717e-07
3.050662e-07
2.887793e-07
2.698511e-07
3.380874e-07
3.242700e-07
3.046899e-07
2.841317e-07
2.647928e-07
2.476050e-07
