1.446524e-06
1.441284e-06
1.483829e-06
1.413692e-06
1.295208e-06
1.280788e-06
8.999633e-07
8.530737e-07
8.960060e-07
8.283358e-07
8.108151e-07
7.660371e-07
6.080749e-07
6.147706e-07
5.929079e-07
5.742454e-07
5.710907e-07
5.155186e-07
4.663343e-07
4.571654e-07
4.288578e-07
4.198688e-07
4.026340e-07
3.780259e-07
3.445115e-07
3.497104e-07
3.371369e-07
3.134920e-07
3.077554e-07
2.789849e-07
2.808270e-07
2.672041e-07
2.505353e-07
2.536638e-07
2.362922e-07
2.218816e-07
2.185793e-07
2.120969e-07
2.018232e-07
2.035296e-07
1.865990e-07
1.700454e-07
1.848599e-07
1.780899e-07
1.721385e-07
1.587707e-07
1.473344e-07
1.341069e-07
1.590462e-07
1.440728e-07
1.377982e-07
1.330878e-07
1.249990e-07
1.122475e-07
1.340624e-07
1.267468e-07
1.172035e-07
1.141616e-07
1.040392e-07
9.571104e-08
