4.469068e-06
4.437538e-06
4.396493e-06
4.148323e-06
4.033722e-06
3.900574e-06
3.390761e-06
3.306257e-06
3.272554e-06
3.217958e-06
3.112480e-06
2.926699e-06
2.741600e-06
2.667323e-06
2.559191e-06
2.518755e-06
2.442751e-06
2.353993e-06
2.168945e-06
2.159214e-06
2.066778e-06
2.005141e-06
1.979887e-06
1.886149e-06
1.814299e-06
1.803996e-06
1.703528e-06
1.625029e-06
1.608580e-06
1.527098e-06
1.523985e-06
1.460982e-06
1.414858e-06
1.357470e-06
1.356882e-06
1.269799e-06
1.282289e-06
1.275245e-06
1.219314e-06
1.174977e-06
1.146797e-06
1.077174e-06
1.126131e-06
1.089663e-06
1.061261e-06
1.015106e-06
9.741994e-07
9.123524e-07
9.700079e-07
9.580868e-07
9.291420e-07
8.681979e-07
8.538034e-07
7.964373e-07
8.806651e-07
8.475309e-07
8.127588e-07
7.678579e-07
7.360257e-07
6.927935e-07
7.809504e-07
7.620306e-07
7.246674e-07
6.767809e-07
6.469569e-07
6.143297e-07
7.002240e-07
6.737222e-07
6.550514e-07
6.084467e-07
5.657143e-07
5.417829e-07
6.281594e-07
6.125746e-07
5.775108e-07
5.452595e-07
5.115361e-07
4.799451e-07
5.609315e-07
5.387258e-07
5.178260e-07
4.825254e-07
4.550329e-07
4.323203e-07
5.261944e-07
4.917671e-07
4.591912e-07
4.378510e-07
4.062341e-07
3.939295e-07
4.829654e-07
4.473008e-07
4.192146e-07
3.975476e-07
3.784441e-07
3.602902e-07
4.454333e-07
4.084281e-07
3.827973e-07
3.625154e-07
3.486031e-07
3.227129e-07
4.011008e-07
3.737267e-07
3.549688e-07
3.335659e-07
3.141845e-07
2.932462e-07
3.750735e-07
3.454243e-07
3.260495e-07
3.072924e-07
2.877591e-07
2.707354e-07
3.472073e-07
3.166503e-07
3.004072e-07
2.833504e-07
2.670487e-07
2.507312e-07
