4.439311e-06
4.290281e-06
4.279211e-06
4.317075e-06
4.063446e-06
3.941984e-06
3.365596e-06
3.354252e-06
3.296820e-06
3.234657e-06
3.138488e-06
3.011275e-06
2.689383e-06
2.632485e-06
2.585491e-06
2.535575e-06
2.442231e-06
2.351012e-06
2.170855e-06
2.170228e-06
2.051484e-06
2.019757e-06
1.965607e-06
1.890783e-06
1.811118e-06
1.773778e-06
1.705737e-06
1.685119e-06
1.556735e-06
1.533913e-06
1.549892e-06
1.490541e-06
1.453762e-06
1.385238e-06
1.320295e-06
1.278673e-06
1.309983e-06
1.268244e-06
1.238014e-06
1.185941e-06
1.144796e-06
1.076706e-06
1.138175e-06
1.116716e-06
1.077929e-06
1.016553e-06
9.601847e-07
9.208560e-07
9.831621e-07
9.471798e-07
9.217827e-07
8.934635e-07
8.453045e-07
7.888366e-07
8.694985e-07
8.277472e-07
8.073822e-07
7.610927e-07
7.380541e-07
6.927317e-07
7.874919e-07
7.358695e-07
6.979985e-07
6.718226e-07
6.610242e-07
6.174589e-07
6.870479e-07
6.597255e-07
6.352424e-07
6.044660e-07
5.870791e-07
5.508801e-07
6.223191e-07
5.906327e-07
5.641658e-07
5.452987e-07
5.153409e-07
4.830214e-07
5.634796e-07
5.415363e-07
5.061791e-07
4.791143e-07
4.602732e-07
4.358169e-07
5.107330e-07
4.893624e-07
4.620181e-07
4.338780e-07
4.150400e-07
3.856277e-07
4.706247e-07
4.502303e-07
4.215774e-07
3.925749e-07
3.809942e-07
3.510391e-07
4.314878e-07
4.101825e-07
3.868719e-07
3.641515e-07
3.511458e-07
3.197952e-07
3.978345e-07
3.783510e-07
3.546662e-07
3.389909e-07
3.161773e-07
2.966953e-07
3.666671e-07
3.472345e-07
3.311909e-07
3.089990e-07
2.902318e-07
2.724650e-07
3.390520e-07
3.296548e-07
3.075742e-07
2.825354e-07
2.678344e-07
2.517326e-07
