1.337083e-06
1.370801e-06
1.414808e-06
1.472602e-06
1.347720e-06
1.263730e-06
9.394948e-07
8.996363e-07
8.660089e-07
8.406592e-07
8.054817e-07
8.122772e-07
6.420585e-07
6.351444e-07
5.814666e-07
5.800867e-07
5.234200e-07
5.457308e-07
4.875747e-07
4.605186e-07
4.179022e-07
4.133947e-07
4.000556e-07
3.846429e-07
3.406642e-07
3.364313e-07
3.160346e-07
3.034902e-07
3.062379e-07
2.791959e-07
2.728022e-07
2.531203e-07
2.493751e-07
2.282177e-07
2.355281e-07
2.123121e-07
2.260328e-07
2.130914e-07
1.957025e-07
1.858326e-07
1.821904e-07
1.702753e-07
1.877455e-07
1.672893e-07
1.610749e-07
1.586372e-07
1.506430e-07
1.337756e-07
1.550022e-07
1.438418e-07
1.369748e-07
1.317676e-07
1.229591e-07
1.155858e-07
1.329973e-07
1.258632e-07
1.145729e-07
1.087055e-07
1.041246e-07
9.904062e-08
