1.497164e-06
1.400587e-06
1.357864e-06
1.431429e-06
1.354072e-06
1.337196e-06
8.768606e-07
9.257364e-07
8.761466e-07
8.319973e-07
8.241600e-07
7.876658e-07
6.202019e-07
5.936351e-07
5.718096e-07
5.623122e-07
5.618621e-07
5.479456e-07
4.542107e-07
4.290612e-07
4.219116e-07
4.011480e-07
3.903395e-07
3.717818e-07
3.519779e-07
3.416557e-07
3.311486e-07
3.128455e-07
2.851352e-07
2.828323e-07
2.687908e-07
2.681996e-07
2.643871e-07
2.488561e-07
2.271656e-07
2.115701e-07
2.211829e-07
2.131993e-07
2.151243e-07
1.893073e-07
1.759695e-07
1.709899e-07
1.797197e-07
1.811557e-07
1.725076e-07
1.561905e-07
1.447455e-07
1.360732e-07
1.503523e-07
1.539135e-07
1.435454e-07
1.340356e-07
1.206142e-07
1.127585e-07
1.287943e-07
1.298135e-07
1.179537e-07
1.109994e-07
1.023137e-07
9.697991e-08
