4.482765e-06
4.387793e-06
4.304496e-06
4.155009e-06
3.923553e-06
3.726172e-06
3.400603e-06
3.258359e-06
3.154913e-06
3.184862e-06
2.985033e-06
2.903702e-06
2.652517e-06
2.572132e-06
2.585930e-06
2.478154e-06
2.418022e-06
2.323978e-06
2.097215e-06
2.112799e-06
2.033730e-06
2.021326e-06
1.976132e-06
1.865399e-06
1.820685e-06
1.756793e-06
1.716609e-06
1.648562e-06
1.627065e-06
1.546007e-06
1.527027e-06
1.492304e-06
1.453911e-06
1.396833e-06
1.349224e-06
1.293339e-06
1.320637e-06
1.255378e-06
1.237554e-06
1.174970e-06
1.149924e-06
1.079471e-06
1.124267e-06
1.094018e-06
1.057248e-06
1.020896e-06
9.906093e-07
9.146860e-07
9.694538e-07
9.586698e-07
9.068506e-07
8.797841e-07
8.494107e-07
7.878889e-07
8.656157e-07
8.378683e-07
8.000053e-07
7.582785e-07
7.390317e-07
7.021436e-07
7.730722e-07
7.431526e-07
6.951322e-07
6.703812e-07
6.484425e-07
6.128470e-07
6.933589e-07
6.637077e-07
6.336372e-07
6.031374e-07
5.794357e-07
5.425973e-07
6.201265e-07
5.937563e-07
5.701525e-07
5.316498e-07
5.147274e-07
4.790789e-07
5.630963e-07
5.347890e-07
5.175210e-07
4.847849e-07
4.562657e-07
4.268484e-07
5.184493e-07
4.965466e-07
4.699565e-07
4.307191e-07
4.184395e-07
3.796786e-07
4.678014e-07
4.504320e-07
4.225030e-07
3.977373e-07
3.777000e-07
3.510557e-07
4.340970e-07
4.100480e-07
3.882008e-07
3.596398e-07
3.451053e-07
3.184988e-07
3.958444e-07
3.828565e-07
3.533295e-07
3.316446e-07
3.147933e-07
2.955093e-07
3.699700e-07
3.407356e-07
3.221693e-07
3.088210e-07
2.882968e-07
2.727410e-07
3.423422e-07
3.184693e-07
3.004806e-07
2.837140e-07
2.662902e-07
2.520197e-07
