1.511516e-06
1.388938e-06
1.396003e-06
1.349318e-06
1.283735e-06
1.295990e-06
8.792177e-07
8.669368e-07
8.370274e-07
7.916049e-07
8.179245e-07
7.880845e-07
6.443441e-07
6.305760e-07
5.990971e-07
5.487686e-07
5.612890e-07
5.182740e-07
4.638971e-07
4.456316e-07
4.061749e-07
4.137844e-07
3.893978e-07
3.692432e-07
3.383727e-07
3.508382e-07
3.263942e-07
3.134637e-07
2.854598e-07
2.720970e-07
2.817583e-07
2.610875e-07
2.609507e-07
2.341847e-07
2.200132e-07
2.077100e-07
2.291961e-07
2.138956e-07
2.041403e-07
1.881938e-07
1.743700e-07
1.623392e-07
1.875310e-07
1.737474e-07
1.709101e-07
1.561496e-07
1.459073e-07
1.367871e-07
1.622825e-07
1.466806e-07
1.402082e-07
1.290158e-07
1.247193e-07
1.146739e-07
1.398650e-07
1.275301e-07
1.207229e-07
1.112001e-07
1.054437e-07
9.894865e-08
