1.472363e-06
1.440805e-06
1.472475e-06
1.407462e-06
1.392181e-06
1.257139e-06
9.295583e-07
9.155598e-07
9.292517e-07
8.536457e-07
8.369214e-07
8.374125e-07
6.486970e-07
6.052509e-07
5.676464e-07
5.795136e-07
5.585580e-07
5.108364e-07
4.648215e-07
4.528838e-07
4.196102e-07
4.014745e-07
3.944481e-07
3.666249e-07
3.544702e-07
3.268204e-07
3.253655e-07
2.986855e-07
2.888718e-07
2.743013e-07
2.683744e-07
2.633172e-07
2.532495e-07
2.430840e-07
2.265448e-07
2.205730e-07
2.326257e-07
2.196540e-07
2.071343e-07
1.963871e-07
1.922334e-07
1.768435e-07
1.853059e-07
1.783876e-07
1.653862e-07
1.663432e-07
1.523415e-07
1.407926e-07
1.664152e-07
1.504726e-07
1.386974e-07
1.315553e-07
1.234520e-07
1.146720e-07
1.340629e-07
1.260480e-07
1.179354e-07
1.132946e-07
1.028318e-07
9.799521e-08
