4.521048e-06
4.430697e-06
4.289133e-06
4.203393e-06
4.077524e-06
3.887011e-06
3.428032e-06
3.325337e-06
3.273890e-06
3.225873e-06
3.062738e-06
2.978829e-06
2.645618e-06
2.583331e-06
2.538677e-06
2.521455e-06
2.445259e-06
2.305055e-06
2.181094e-06
2.134955e-06
2.098796e-06
2.048798e-06
1.966329e-06
1.861698e-06
1.782623e-06
1.763888e-06
1.753716e-06
1.669743e-06
1.628411e-06
1.532628e-06
1.534445e-06
1.492628e-06
1.420935e-06
1.405380e-06
1.333668e-06
1.274610e-06
1.325557e-06
1.252034e-06
1.240900e-06
1.181264e-06
1.139257e-06
1.073794e-06
1.138569e-06
1.111637e-06
1.043687e-06
1.010851e-06
9.627921e-07
9.251737e-07
1.001599e-06
9.655791e-07
9.100068e-07
8.840232e-07
8.372815e-07
8.022451e-07
8.804774e-07
8.364647e-07
8.073192e-07
7.751236e-07
7.403876e-07
7.016431e-07
7.854314e-07
7.407614e-07
7.220291e-07
6.836076e-07
6.428145e-07
6.188604e-07
7.032304e-07
6.811424e-07
6.372174e-07
6.091317e-07
5.723322e-07
5.352736e-07
6.294841e-07
5.984223e-07
5.724702e-07
5.388873e-07
5.090780e-07
4.874632e-07
5.848816e-07
5.436587e-07
5.118515e-07
4.876125e-07
4.622359e-07
4.334150e-07
5.251542e-07
4.939412e-07
4.676079e-07
4.428132e-07
4.162233e-07
3.906275e-07
4.742231e-07
4.512621e-07
4.230440e-07
4.020672e-07
3.740266e-07
3.516595e-07
4.309341e-07
4.134330e-07
3.868283e-07
3.715167e-07
3.383300e-07
3.232170e-07
3.921390e-07
3.788398e-07
3.575383e-07
3.397659e-07
3.107903e-07
2.959712e-07
3.646948e-07
3.468975e-07
3.294188e-07
3.051443e-07
2.882582e-07
2.727223e-07
3.388610e-07
3.212498e-07
3.019050e-07
2.799821e-07
2.674223e-07
2.523086e-07
