1.479762e-06
1.447691e-06
1.382238e-06
1.384533e-06
1.419784e-06
1.301264e-06
9.145287e-07
8.928286e-07
9.176091e-07
8.575306e-07
8.455351e-07
7.999039e-07
6.205299e-07
6.248482e-07
6.137529e-07
5.757021e-07
5.404507e-07
5.385363e-07
4.423140e-07
4.427088e-07
4.240078e-07
4.060403e-07
3.955471e-07
3.680616e-07
3.263901e-07
3.383069e-07
3.165104e-07
3.024298e-07
2.950336e-07
2.730227e-07
2.659175e-07
2.728092e-07
2.452548e-07
2.356593e-07
2.358881e-07
2.146683e-07
2.248429e-07
2.117493e-07
2.039640e-07
1.979715e-07
1.826803e-07
1.737735e-07
1.924514e-07
1.709656e-07
1.696516e-07
1.606991e-07
1.462654e-07
1.376677e-07
1.604553e-07
1.516908e-07
1.417201e-07
1.296756e-07
1.248493e-07
1.152871e-07
1.352400e-07
1.250578e-07
1.204556e-07
1.099185e-07
1.019510e-07
9.820692e-08
