1.494317e-06
1.444802e-06
1.466956e-06
1.375841e-06
1.286998e-06
1.259950e-06
8.997377e-07
8.671291e-07
8.383853e-07
8.222124e-07
8.424046e-07
7.913618e-07
6.351045e-07
5.935356e-07
5.843521e-07
5.642170e-07
5.831892e-07
5.231258e-07
4.652448e-07
4.379629e-07
4.251590e-07
4.189173e-07
4.288774e-07
3.728842e-07
3.504650e-07
3.342046e-07
3.211286e-07
3.254378e-07
3.180085e-07
2.788871e-07
2.676787e-07
2.604565e-07
2.423473e-07
2.477920e-07
2.391397e-07
2.224618e-07
2.231592e-07
2.139549e-07
2.058092e-07
2.003873e-07
1.945627e-07
1.756542e-07
1.839622e-07
1.755711e-07
1.691231e-07
1.644395e-07
1.526193e-07
1.405828e-07
1.594652e-07
1.488335e-07
1.388607e-07
1.324635e-07
1.277235e-07
1.186770e-07
1.344890e-07
1.302863e-07
1.185326e-07
1.125614e-07
1.062564e-07
1.011165e-07
