1.424259e-06
1.327505e-06
1.429426e-06
1.306305e-06
1.329912e-06
1.294723e-06
9.388643e-07
8.596247e-07
8.515229e-07
8.112565e-07
8.224272e-07
7.421907e-07
6.213944e-07
6.033508e-07
6.039686e-07
5.700461e-07
5.334305e-07
5.110778e-07
4.788816e-07
4.442019e-07
4.407727e-07
4.036456e-07
3.830025e-07
3.864738e-07
3.614889e-07
3.307597e-07
3.216401e-07
3.141335e-07
2.965801e-07
2.888898e-07
2.813657e-07
2.688739e-07
2.555749e-07
2.446193e-07
2.275853e-07
2.268827e-07
2.315894e-07
2.207169e-07
2.050460e-07
1.970701e-07
1.836096e-07
1.793969e-07
1.893960e-07
1.815452e-07
1.662022e-07
1.570858e-07
1.462600e-07
1.400190e-07
1.606203e-07
1.542704e-07
1.427504e-07
1.301088e-07
1.253145e-07
1.149357e-07
1.359056e-07
1.280814e-07
1.144127e-07
1.119627e-07
1.039292e-07
9.804384e-08
