4.600921e-06
4.434375e-06
4.418740e-06
4.084311e-06
4.078440e-06
3.954350e-06
3.425814e-06
3.380600e-06
3.360059e-06
3.199365e-06
3.085805e-06
2.983680e-06
2.666448e-06
2.716291e-06
2.637349e-06
2.519560e-06
2.436795e-06
2.308335e-06
2.177826e-06
2.136588e-06
2.104831e-06
2.021127e-06
1.925037e-06
1.840226e-06
1.815028e-06
1.786918e-06
1.724064e-06
1.663989e-06
1.623016e-06
1.518207e-06
1.533149e-06
1.477628e-06
1.462519e-06
1.421883e-06
1.345412e-06
1.253351e-06
1.331337e-06
1.280633e-06
1.225223e-06
1.203387e-06
1.146143e-06
1.069943e-06
1.145924e-06
1.083023e-06
1.068705e-06
1.035440e-06
9.836295e-07
9.296107e-07
9.888076e-07
9.509785e-07
9.189294e-07
9.017534e-07
8.409176e-07
8.045946e-07
8.770223e-07
8.488144e-07
8.103420e-07
7.778215e-07
7.333683e-07
7.040128e-07
7.798941e-07
7.458478e-07
7.219678e-07
6.933212e-07
6.345310e-07
6.088069e-07
7.092808e-07
6.764399e-07
6.469736e-07
6.036214e-07
5.698813e-07
5.447714e-07
6.343015e-07
5.967726e-07
5.789634e-07
5.480152e-07
5.107183e-07
4.868058e-07
5.715357e-07
5.441748e-07
5.184146e-07
4.925910e-07
4.539892e-07
4.355011e-07
5.116579e-07
4.895563e-07
4.679009e-07
4.417167e-07
4.058619e-07
3.904680e-07
4.684721e-07
4.463722e-07
4.180283e-07
3.949833e-07
3.730906e-07
3.554896e-07
4.304536e-07
4.060781e-07
3.805664e-07
3.606794e-07
3.397130e-07
3.269458e-07
3.998508e-07
3.750389e-07
3.530829e-07
3.333809e-07
3.130186e-07
2.980981e-07
3.772749e-07
3.475907e-07
3.195900e-07
3.072105e-07
2.870857e-07
2.745722e-07
3.467680e-07
3.214136e-07
3.018105e-07
2.859300e-07
2.687545e-07
2.546644e-07
