1.481612e-06
1.360074e-06
1.435721e-06
1.372492e-06
1.269886e-06
1.272817e-06
9.080806e-07
8.903838e-07
8.867344e-07
8.285761e-07
8.083097e-07
7.709806e-07
6.331956e-07
6.292599e-07
5.962812e-07
5.693851e-07
5.542266e-07
5.335327e-07
4.688553e-07
4.575264e-07
4.211114e-07
4.223589e-07
3.945733e-07
3.915569e-07
3.535353e-07
3.286573e-07
3.300624e-07
3.057314e-07
3.037555e-07
2.988734e-07
2.710385e-07
2.643540e-07
2.628842e-07
2.425380e-07
2.300251e-07
2.208322e-07
2.151477e-07
2.132695e-07
2.006823e-07
1.942653e-07
1.870101e-07
1.736896e-07
1.838843e-07
1.791956e-07
1.664423e-07
1.561385e-07
1.464518e-07
1.441771e-07
1.530588e-07
1.482605e-07
1.418395e-07
1.312807e-07
1.255990e-07
1.184754e-07
1.343952e-07
1.223631e-07
1.174743e-07
1.103945e-07
1.078214e-07
9.806087e-08
