4.464040e-06
4.367670e-06
4.274434e-06
4.179375e-06
3.935480e-06
3.811612e-06
3.417911e-06
3.352437e-06
3.298212e-06
3.149223e-06
3.106076e-06
2.896623e-06
2.803069e-06
2.612364e-06
2.564697e-06
2.508148e-06
2.431679e-06
2.245387e-06
2.181331e-06
2.107101e-06
2.096824e-06
2.065147e-06
1.972739e-06
1.845025e-06
1.823695e-06
1.764589e-06
1.728065e-06
1.709399e-06
1.621079e-06
1.507448e-06
1.550642e-06
1.504317e-06
1.489501e-06
1.430667e-06
1.333317e-06
1.257701e-06
1.317933e-06
1.295409e-06
1.235881e-06
1.200793e-06
1.136663e-06
1.089076e-06
1.136168e-06
1.116410e-06
1.053645e-06
1.014273e-06
9.660954e-07
9.207639e-07
9.923077e-07
9.584737e-07
9.097931e-07
8.755577e-07
8.250379e-07
7.837396e-07
8.744871e-07
8.225815e-07
7.965818e-07
7.649681e-07
7.135301e-07
6.817337e-07
7.826764e-07
7.482974e-07
7.142198e-07
6.798493e-07
6.359115e-07
5.868957e-07
6.981466e-07
6.577240e-07
6.399296e-07
6.009023e-07
5.665497e-07
5.369872e-07
6.331218e-07
5.949899e-07
5.666711e-07
5.406757e-07
5.060161e-07
4.690404e-07
5.731257e-07
5.397066e-07
5.106663e-07
4.841297e-07
4.603208e-07
4.276256e-07
5.138450e-07
4.876407e-07
4.607330e-07
4.420123e-07
4.154962e-07
3.887033e-07
4.714420e-07
4.460037e-07
4.218797e-07
3.960284e-07
3.735533e-07
3.536564e-07
4.371799e-07
4.056941e-07
3.855074e-07
3.601187e-07
3.406796e-07
3.235705e-07
4.038574e-07
3.774324e-07
3.599884e-07
3.288915e-07
3.111115e-07
2.979600e-07
3.672173e-07
3.479103e-07
3.265459e-07
3.022731e-07
2.848141e-07
2.700021e-07
3.454586e-07
3.222138e-07
3.079727e-07
2.821024e-07
2.622946e-07
2.477586e-07
