1.451476e-06
1.435017e-06
1.424808e-06
1.479401e-06
1.303276e-06
1.225466e-06
9.376773e-07
9.207276e-07
8.876866e-07
8.581365e-07
8.431191e-07
7.782877e-07
6.554913e-07
6.163562e-07
5.801354e-07
5.734408e-07
5.547580e-07
5.233910e-07
4.761205e-07
4.443363e-07
4.670605e-07
4.204772e-07
3.987395e-07
3.734887e-07
3.481627e-07
3.361052e-07
3.403885e-07
3.183702e-07
3.062892e-07
2.776990e-07
2.717631e-07
2.687490e-07
2.637474e-07
2.465936e-07
2.300632e-07
2.105434e-07
2.193026e-07
2.132995e-07
2.032951e-07
1.939025e-07
1.847138e-07
1.760642e-07
1.895952e-07
1.787080e-07
1.714700e-07
1.595432e-07
1.557259e-07
1.402859e-07
1.527324e-07
1.476673e-07
1.418788e-07
1.306185e-07
1.261532e-07
1.183381e-07
1.343528e-07
1.271925e-07
1.152710e-07
1.095153e-07
1.058359e-07
1.020379e-07
