1.499759e-06
1.411369e-06
1.377197e-06
1.273558e-06
1.290434e-06
1.308449e-06
1.001736e-06
9.414090e-07
8.642745e-07
8.245773e-07
7.605522e-07
7.867443e-07
6.412286e-07
6.194350e-07
5.721887e-07
5.551730e-07
5.344382e-07
5.208823e-07
4.624652e-07
4.459440e-07
4.274523e-07
4.077762e-07
3.825055e-07
3.737144e-07
3.502185e-07
3.298449e-07
3.215784e-07
3.006823e-07
2.872440e-07
2.825773e-07
2.688180e-07
2.609442e-07
2.489828e-07
2.367434e-07
2.261853e-07
2.158345e-07
2.234800e-07
2.137103e-07
2.030011e-07
1.942175e-07
1.840651e-07
1.689508e-07
1.933420e-07
1.766681e-07
1.632596e-07
1.612360e-07
1.430886e-07
1.322965e-07
1.628341e-07
1.507027e-07
1.392023e-07
1.348761e-07
1.245580e-07
1.115261e-07
1.372951e-07
1.273070e-07
1.132695e-07
1.134645e-07
1.045344e-07
9.459370e-08
