1.460044e-06
1.384927e-06
1.425878e-06
1.351436e-06
1.318766e-06
1.315557e-06
9.226547e-07
8.484770e-07
8.405187e-07
8.137480e-07
8.161352e-07
7.468519e-07
6.237496e-07
6.103714e-07
5.913738e-07
5.679858e-07
5.446776e-07
4.900823e-07
4.639388e-07
4.530342e-07
4.370107e-07
4.065986e-07
3.970181e-07
3.552088e-07
3.463556e-07
3.483189e-07
3.153108e-07
3.019529e-07
2.952133e-07
2.651854e-07
2.878793e-07
2.659162e-07
2.575425e-07
2.412496e-07
2.289225e-07
1.963627e-07
2.310289e-07
2.173998e-07
2.086001e-07
1.904292e-07
1.855329e-07
1.665182e-07
1.905358e-07
1.816751e-07
1.721800e-07
1.604131e-07
1.466559e-07
1.375931e-07
1.600200e-07
1.480031e-07
1.355236e-07
1.306013e-07
1.229804e-07
1.145694e-07
1.385115e-07
1.258257e-07
1.139612e-07
1.096564e-07
1.046684e-07
9.574240e-08
