1.467984e-06
1.381812e-06
1.411916e-06
1.308779e-06
1.363807e-06
1.292619e-06
8.757311e-07
8.554382e-07
8.611158e-07
8.296229e-07
8.134886e-07
7.791367e-07
6.038220e-07
6.082795e-07
5.942354e-07
5.710138e-07
5.403673e-07
5.240224e-07
4.581722e-07
4.425870e-07
4.203042e-07
4.184072e-07
3.964952e-07
3.830305e-07
3.557052e-07
3.473614e-07
3.439463e-07
3.231714e-07
3.071496e-07
2.761750e-07
2.792692e-07
2.631911e-07
2.501249e-07
2.469702e-07
2.327121e-07
2.164444e-07
2.384317e-07
2.196357e-07
2.084264e-07
1.933879e-07
1.850474e-07
1.734221e-07
1.912052e-07
1.759747e-07
1.629792e-07
1.528295e-07
1.527106e-07
1.368663e-07
1.560287e-07
1.531810e-07
1.439840e-07
1.333666e-07
1.246861e-07
1.130843e-07
1.360700e-07
1.264504e-07
1.176334e-07
1.098034e-07
1.053144e-07
9.877952e-08
