1.431126e-06
1.455434e-06
1.363372e-06
1.250909e-06
1.258878e-06
1.241661e-06
9.152355e-07
8.185726e-07
8.371259e-07
7.642047e-07
8.111123e-07
7.891799e-07
6.303746e-07
5.946580e-07
5.719280e-07
5.686717e-07
5.563282e-07
5.334567e-07
4.872450e-07
4.523887e-07
4.116590e-07
4.071268e-07
4.059782e-07
3.945948e-07
3.541840e-07
3.460089e-07
3.236839e-07
2.986783e-07
3.133868e-07
2.837966e-07
2.705106e-07
2.640398e-07
2.501918e-07
2.409247e-07
2.340543e-07
2.168739e-07
2.207487e-07
2.169348e-07
2.031867e-07
1.982334e-07
1.843743e-07
1.759976e-07
1.821794e-07
1.741988e-07
1.665053e-07
1.584640e-07
1.528513e-07
1.422992e-07
1.602807e-07
1.504947e-07
1.443747e-07
1.370724e-07
1.249487e-07
1.208654e-07
1.335654e-07
1.228587e-07
1.194653e-07
1.171185e-07
1.066592e-07
9.991843e-08
