1.476120e-06
1.469571e-06
1.432081e-06
1.477736e-06
1.400046e-06
1.310829e-06
9.507318e-07
9.046605e-07
8.981000e-07
8.655181e-07
8.227122e-07
7.616466e-07
6.417671e-07
6.108636e-07
5.939262e-07
5.809230e-07
5.537409e-07
5.358764e-07
4.463002e-07
4.662055e-07
4.329100e-07
4.209475e-07
4.029386e-07
3.726040e-07
3.396834e-07
3.343408e-07
3.352494e-07
3.103793e-07
2.938356e-07
2.834888e-07
2.659469e-07
2.613597e-07
2.557386e-07
2.488896e-07
2.270638e-07
2.176371e-07
2.212938e-07
2.156533e-07
2.114271e-07
1.957204e-07
1.784546e-07
1.655914e-07
1.866332e-07
1.905543e-07
1.666723e-07
1.557184e-07
1.516658e-07
1.405361e-07
1.597390e-07
1.528087e-07
1.373411e-07
1.277154e-07
1.213888e-07
1.151496e-07
1.357435e-07
1.282319e-07
1.195125e-07
1.089843e-07
1.038221e-07
9.765867e-08
