4.501275e-06
4.253262e-06
4.211604e-06
4.186000e-06
4.039022e-06
3.741923e-06
3.387760e-06
3.356304e-06
3.206676e-06
3.144891e-06
3.111494e-06
2.879016e-06
2.715271e-06
2.642401e-06
2.575649e-06
2.492643e-06
2.391289e-06
2.282507e-06
2.172757e-06
2.163941e-06
2.098705e-06
2.040346e-06
1.955468e-06
1.809752e-06
1.844961e-06
1.814415e-06
1.737658e-06
1.675413e-06
1.574112e-06
1.516209e-06
1.523244e-06
1.484171e-06
1.444623e-06
1.406976e-06
1.327482e-06
1.286567e-06
1.290262e-06
1.285209e-06
1.237778e-06
1.177230e-06
1.119088e-06
1.087197e-06
1.125050e-06
1.092196e-06
1.069279e-06
1.014493e-06
9.831169e-07
9.260032e-07
9.649833e-07
9.700957e-07
9.396301e-07
8.854209e-07
8.476967e-07
8.017517e-07
8.712497e-07
8.574324e-07
8.098301e-07
7.806626e-07
7.258929e-07
7.020050e-07
7.650854e-07
7.493933e-07
7.129989e-07
6.893657e-07
6.434858e-07
6.121556e-07
6.908754e-07
6.717369e-07
6.388208e-07
6.104998e-07
5.671912e-07
5.380615e-07
6.341794e-07
6.067278e-07
5.724481e-07
5.501181e-07
5.052096e-07
4.776230e-07
5.759691e-07
5.458138e-07
5.120762e-07
4.869009e-07
4.513934e-07
4.322114e-07
5.233939e-07
4.891582e-07
4.647623e-07
4.378800e-07
4.096048e-07
3.882651e-07
4.814259e-07
4.504784e-07
4.206947e-07
3.942128e-07
3.709061e-07
3.493725e-07
4.449515e-07
4.084236e-07
3.860757e-07
3.641892e-07
3.415621e-07
3.183877e-07
3.990778e-07
3.780015e-07
3.553835e-07
3.278049e-07
3.101285e-07
2.931426e-07
3.720849e-07
3.546069e-07
3.262107e-07
3.043304e-07
2.875693e-07
2.736038e-07
3.399776e-07
3.262526e-07
3.013629e-07
2.813704e-07
2.647722e-07
2.523574e-07
