4.429168e-06
4.269152e-06
4.279405e-06
4.142721e-06
4.107107e-06
3.919155e-06
3.363037e-06
3.378472e-06
3.305291e-06
3.167514e-06
3.043385e-06
2.999938e-06
2.666231e-06
2.615979e-06
2.577277e-06
2.525183e-06
2.404245e-06
2.366532e-06
2.180915e-06
2.147777e-06
2.111443e-06
1.995483e-06
1.937972e-06
1.898054e-06
1.815568e-06
1.799996e-06
1.746102e-06
1.673474e-06
1.603542e-06
1.543666e-06
1.539674e-06
1.494572e-06
1.483748e-06
1.393613e-06
1.338517e-06
1.282101e-06
1.325469e-06
1.278758e-06
1.250282e-06
1.198254e-06
1.135567e-06
1.070463e-06
1.130385e-06
1.088953e-06
1.071045e-06
1.026331e-06
9.805311e-07
9.167457e-07
9.880836e-07
9.513097e-07
9.180947e-07
8.923669e-07
8.615509e-07
7.906911e-07
8.680022e-07
8.522364e-07
8.054787e-07
7.726818e-07
7.396442e-07
6.900102e-07
7.768993e-07
7.479833e-07
7.196112e-07
6.879318e-07
6.491956e-07
6.115357e-07
6.961976e-07
6.763565e-07
6.435773e-07
6.041786e-07
5.807501e-07
5.461697e-07
6.223272e-07
6.090178e-07
5.847427e-07
5.296135e-07
5.138625e-07
4.871280e-07
5.663601e-07
5.520515e-07
5.201849e-07
4.806102e-07
4.593877e-07
4.370448e-07
5.206840e-07
4.990583e-07
4.730367e-07
4.423603e-07
4.228105e-07
3.926374e-07
4.730243e-07
4.474784e-07
4.266360e-07
4.012178e-07
3.827516e-07
3.606725e-07
4.372041e-07
4.105024e-07
3.852894e-07
3.653952e-07
3.464036e-07
3.234644e-07
3.995996e-07
3.752670e-07
3.535237e-07
3.344957e-07
3.158615e-07
2.976780e-07
3.717281e-07
3.515451e-07
3.248327e-07
3.036966e-07
2.869711e-07
2.720915e-07
3.419940e-07
3.205302e-07
3.041854e-07
2.792703e-07
2.621647e-07
2.516456e-07
