1.586408e-06
1.438420e-06
1.404785e-06
1.346283e-06
1.250511e-06
1.212520e-06
8.721242e-07
8.653934e-07
8.568869e-07
8.458999e-07
7.874299e-07
7.313791e-07
6.444401e-07
6.104986e-07
6.030052e-07
5.665980e-07
5.314217e-07
5.168620e-07
4.622689e-07
4.565394e-07
4.159701e-07
4.199302e-07
3.876175e-07
3.729427e-07
3.544055e-07
3.388042e-07
3.248082e-07
3.008417e-07
3.053097e-07
2.746920e-07
2.877928e-07
2.745424e-07
2.494885e-07
2.429156e-07
2.361388e-07
2.180608e-07
2.321617e-07
2.174944e-07
2.067911e-07
1.956051e-07
1.828947e-07
1.660611e-07
1.973027e-07
1.803574e-07
1.674032e-07
1.566390e-07
1.496765e-07
1.385955e-07
1.613838e-07
1.496183e-07
1.437779e-07
1.353580e-07
1.263961e-07
1.161237e-07
1.329729e-07
1.297020e-07
1.186893e-07
1.118209e-07
1.046082e-07
9.747030e-08
