1.623580e-06
1.426529e-06
1.410533e-06
1.313324e-06
1.356292e-06
1.361165e-06
9.147969e-07
8.790418e-07
8.194182e-07
8.284897e-07
8.328161e-07
7.550083e-07
6.479092e-07
5.950095e-07
5.926623e-07
5.709879e-07
6.035583e-07
5.494021e-07
4.597181e-07
4.480496e-07
4.391141e-07
4.183252e-07
4.129482e-07
3.890844e-07
3.577257e-07
3.395036e-07
3.329472e-07
3.202302e-07
2.906197e-07
2.896467e-07
2.925592e-07
2.669843e-07
2.570739e-07
2.463521e-07
2.315930e-07
2.148144e-07
2.243132e-07
2.143075e-07
2.081277e-07
1.904130e-07
1.891820e-07
1.707782e-07
1.807196e-07
1.757843e-07
1.712090e-07
1.550984e-07
1.497711e-07
1.386981e-07
1.616888e-07
1.455907e-07
1.407406e-07
1.306819e-07
1.215387e-07
1.155857e-07
1.388446e-07
1.270325e-07
1.166672e-07
1.065521e-07
1.031311e-07
9.727705e-08
