4.413189e-06
4.357089e-06
4.247497e-06
4.226274e-06
4.123160e-06
3.858278e-06
3.380961e-06
3.296921e-06
3.251218e-06
3.215725e-06
3.100512e-06
3.004109e-06
2.649791e-06
2.616577e-06
2.535514e-06
2.474140e-06
2.411886e-06
2.312952e-06
2.200006e-06
2.159646e-06
2.068354e-06
2.033004e-06
1.908306e-06
1.818448e-06
1.765512e-06
1.776218e-06
1.706460e-06
1.636178e-06
1.579997e-06
1.499612e-06
1.543121e-06
1.468738e-06
1.434269e-06
1.380750e-06
1.328735e-06
1.239524e-06
1.321722e-06
1.269425e-06
1.198701e-06
1.172165e-06
1.159351e-06
1.058756e-06
1.166223e-06
1.103666e-06
1.045242e-06
1.005842e-06
9.600208e-07
9.152059e-07
1.014493e-06
9.429442e-07
9.279140e-07
8.769577e-07
8.381173e-07
7.889315e-07
8.808831e-07
8.199167e-07
7.941385e-07
7.619384e-07
7.286158e-07
6.982919e-07
7.767587e-07
7.384173e-07
7.079618e-07
6.707986e-07
6.400733e-07
6.133260e-07
6.844733e-07
6.644756e-07
6.310931e-07
5.966714e-07
5.629053e-07
5.411322e-07
6.257432e-07
6.000962e-07
5.740720e-07
5.426774e-07
5.104071e-07
4.959883e-07
5.683311e-07
5.404255e-07
5.158719e-07
4.867192e-07
4.586247e-07
4.453977e-07
5.236052e-07
4.907812e-07
4.635375e-07
4.339182e-07
4.188715e-07
4.026017e-07
4.707182e-07
4.401635e-07
4.205104e-07
3.956945e-07
3.847431e-07
3.673759e-07
4.419644e-07
4.050621e-07
3.859403e-07
3.610287e-07
3.487687e-07
3.280981e-07
4.092556e-07
3.718390e-07
3.525339e-07
3.306445e-07
3.177572e-07
2.923273e-07
3.781111e-07
3.452831e-07
3.275235e-07
3.050351e-07
2.919573e-07
2.694297e-07
3.488376e-07
3.226693e-07
3.042864e-07
2.817572e-07
2.686756e-07
2.488815e-07
