4.532138e-06
4.371468e-06
4.360719e-06
4.162310e-06
4.077089e-06
3.891156e-06
3.421051e-06
3.382208e-06
3.281783e-06
3.205913e-06
3.040950e-06
2.981454e-06
2.725091e-06
2.632691e-06
2.561902e-06
2.461930e-06
2.379130e-06
2.266425e-06
2.204129e-06
2.107551e-06
2.063403e-06
2.006673e-06
1.943597e-06
1.837577e-06
1.835209e-06
1.756460e-06
1.703468e-06
1.673036e-06
1.608709e-06
1.510617e-06
1.546443e-06
1.494184e-06
1.471416e-06
1.409034e-06
1.339000e-06
1.248512e-06
1.315846e-06
1.268111e-06
1.216015e-06
1.224684e-06
1.149528e-06
1.093489e-06
1.134646e-06
1.090169e-06
1.055814e-06
1.033742e-06
9.873734e-07
9.498228e-07
9.888003e-07
9.592221e-07
9.180972e-07
8.867474e-07
8.601283e-07
8.211669e-07
8.608466e-07
8.302816e-07
8.106695e-07
7.613202e-07
7.405389e-07
7.068953e-07
7.556685e-07
7.603905e-07
7.068284e-07
6.656437e-07
6.436942e-07
6.225464e-07
6.963465e-07
6.739993e-07
6.281471e-07
6.007322e-07
5.755974e-07
5.533517e-07
6.221723e-07
6.073471e-07
5.695860e-07
5.472940e-07
5.122132e-07
4.878831e-07
5.656824e-07
5.455857e-07
5.173115e-07
4.914751e-07
4.585900e-07
4.367460e-07
5.161581e-07
4.932881e-07
4.644204e-07
4.446398e-07
4.132605e-07
3.905335e-07
4.752369e-07
4.488415e-07
4.179606e-07
4.058229e-07
3.738815e-07
3.544797e-07
4.371873e-07
4.052104e-07
3.819281e-07
3.650940e-07
3.428777e-07
3.216460e-07
4.043107e-07
3.710055e-07
3.470909e-07
3.339222e-07
3.128115e-07
2.938182e-07
3.744014e-07
3.441419e-07
3.234157e-07
3.079687e-07
2.862494e-07
2.677808e-07
3.490568e-07
3.207917e-07
2.990996e-07
2.811120e-07
2.676061e-07
2.483283e-07
