1.430717e-06
1.555432e-06
1.479083e-06
1.364835e-06
1.281048e-06
1.317703e-06
9.195784e-07
9.106269e-07
8.892214e-07
9.023342e-07
8.313735e-07
7.802583e-07
6.493398e-07
6.113886e-07
5.844336e-07
5.613740e-07
5.754478e-07
5.153540e-07
4.361325e-07
4.440507e-07
4.370168e-07
4.128677e-07
3.960026e-07
3.840043e-07
3.428068e-07
3.369652e-07
3.261065e-07
3.043827e-07
2.914334e-07
2.778680e-07
2.740934e-07
2.575841e-07
2.561794e-07
2.390795e-07
2.241675e-07
2.162497e-07
2.216232e-07
2.057795e-07
2.007319e-07
1.933166e-07
1.812501e-07
1.698884e-07
1.770567e-07
1.774153e-07
1.714908e-07
1.528936e-07
1.484449e-07
1.419577e-07
1.530103e-07
1.467600e-07
1.392291e-07
1.290795e-07
1.203911e-07
1.168128e-07
1.360750e-07
1.264405e-07
1.193280e-07
1.117790e-07
1.034519e-07
9.916058e-08
