1.386791e-06
1.358218e-06
1.430258e-06
1.381624e-06
1.364143e-06
1.297605e-06
9.144895e-07
8.454856e-07
8.808668e-07
8.436690e-07
7.951364e-07
7.900583e-07
6.346357e-07
5.922359e-07
5.749739e-07
5.490329e-07
5.159386e-07
4.901251e-07
4.444339e-07
4.527200e-07
4.133853e-07
3.924765e-07
3.772118e-07
3.566296e-07
3.565144e-07
3.295999e-07
3.260998e-07
3.010258e-07
2.817082e-07
2.670796e-07
2.748948e-07
2.629411e-07
2.547555e-07
2.453083e-07
2.304045e-07
2.100194e-07
2.228976e-07
2.186146e-07
2.062952e-07
1.929550e-07
1.839283e-07
1.746198e-07
1.870597e-07
1.765010e-07
1.652657e-07
1.595665e-07
1.498500e-07
1.421328e-07
1.573628e-07
1.492337e-07
1.395977e-07
1.310552e-07
1.272347e-07
1.185574e-07
1.326084e-07
1.262006e-07
1.184323e-07
1.102028e-07
1.024003e-07
1.016707e-07
