1.380881e-06
1.348681e-06
1.459557e-06
1.394001e-06
1.251105e-06
1.204698e-06
8.959709e-07
8.720673e-07
8.935995e-07
7.989563e-07
7.905581e-07
7.308944e-07
6.381926e-07
5.952139e-07
5.851133e-07
5.584873e-07
5.398417e-07
5.107023e-07
4.684995e-07
4.471631e-07
4.251006e-07
3.987353e-07
3.984338e-07
3.633173e-07
3.475591e-07
3.315394e-07
3.137360e-07
2.982633e-07
2.931248e-07
2.855992e-07
2.711377e-07
2.683327e-07
2.493366e-07
2.350527e-07
2.251535e-07
2.204741e-07
2.220987e-07
2.161375e-07
2.023196e-07
1.921724e-07
1.860593e-07
1.799357e-07
1.871980e-07
1.769938e-07
1.672670e-07
1.561400e-07
1.552670e-07
1.386183e-07
1.623145e-07
1.545888e-07
1.393047e-07
1.311439e-07
1.267992e-07
1.183377e-07
1.342199e-07
1.280580e-07
1.201414e-07
1.127500e-07
1.059769e-07
9.852492e-08
