1.396182e-06
1.470094e-06
1.323937e-06
1.337485e-06
1.340460e-06
1.221531e-06
8.624867e-07
8.936359e-07
8.413384e-07
8.096424e-07
7.723866e-07
7.924773e-07
6.178963e-07
6.020539e-07
5.801155e-07
5.522603e-07
5.262996e-07
5.218860e-07
4.723605e-07
4.374304e-07
4.095798e-07
3.876966e-07
3.899639e-07
3.763582e-07
3.481194e-07
3.344882e-07
3.308448e-07
3.028903e-07
2.976743e-07
2.826862e-07
2.743296e-07
2.755474e-07
2.488512e-07
2.461501e-07
2.311917e-07
2.229363e-07
2.178617e-07
2.027615e-07
1.982188e-07
1.954075e-07
1.850019e-07
1.720179e-07
1.815803e-07
1.704174e-07
1.730777e-07
1.596046e-07
1.510596e-07
1.452878e-07
1.560011e-07
1.481690e-07
1.367970e-07
1.295729e-07
1.250419e-07
1.207818e-07
1.355224e-07
1.226507e-07
1.149802e-07
1.075087e-07
1.038385e-07
1.020754e-07
