1.497653e-06
1.437428e-06
1.476474e-06
1.445323e-06
1.311086e-06
1.260471e-06
9.547121e-07
9.380792e-07
8.912204e-07
8.430074e-07
8.200171e-07
7.648567e-07
6.673205e-07
5.949111e-07
5.942743e-07
5.730298e-07
5.407288e-07
4.970826e-07
4.570923e-07
4.387232e-07
4.473477e-07
3.995144e-07
3.988139e-07
3.615909e-07
3.473442e-07
3.499196e-07
3.163744e-07
3.022463e-07
2.994336e-07
2.799346e-07
2.852354e-07
2.686044e-07
2.580127e-07
2.367783e-07
2.294235e-07
2.162715e-07
2.352854e-07
2.140415e-07
2.064759e-07
1.859952e-07
1.786918e-07
1.704360e-07
1.868784e-07
1.689929e-07
1.675889e-07
1.537132e-07
1.502520e-07
1.422827e-07
1.536989e-07
1.511698e-07
1.386820e-07
1.335726e-07
1.261954e-07
1.174237e-07
1.407299e-07
1.246016e-07
1.167014e-07
1.099109e-07
1.058185e-07
9.842646e-08
