1.435967e-06
1.457774e-06
1.386973e-06
1.224433e-06
1.262049e-06
1.235387e-06
9.242743e-07
8.596917e-07
8.488096e-07
8.257392e-07
7.846076e-07
7.807788e-07
6.377917e-07
6.163698e-07
5.770179e-07
5.541061e-07
5.377431e-07
5.089020e-07
4.413603e-07
4.500838e-07
4.151744e-07
3.961527e-07
3.967211e-07
3.773902e-07
3.440372e-07
3.413979e-07
3.242793e-07
3.084459e-07
2.997806e-07
2.835246e-07
2.756051e-07
2.724811e-07
2.529655e-07
2.441989e-07
2.246958e-07
2.164096e-07
2.227083e-07
2.240320e-07
2.079816e-07
1.988472e-07
1.851037e-07
1.691941e-07
1.869168e-07
1.825748e-07
1.643076e-07
1.595507e-07
1.489434e-07
1.404423e-07
1.545652e-07
1.469313e-07
1.398684e-07
1.342188e-07
1.272122e-07
1.170661e-07
1.428227e-07
1.289548e-07
1.175717e-07
1.111804e-07
1.081049e-07
9.978679e-08
