1.372844e-06
1.398796e-06
1.470187e-06
1.501021e-06
1.400448e-06
1.269848e-06
8.687731e-07
9.037003e-07
9.048404e-07
8.062556e-07
8.083768e-07
7.998788e-07
5.852463e-07
5.891935e-07
5.934616e-07
5.550436e-07
5.416091e-07
5.399842e-07
4.564986e-07
4.273626e-07
4.365105e-07
4.165460e-07
4.029470e-07
3.882139e-07
3.396779e-07
3.196785e-07
3.211731e-07
3.183106e-07
3.058820e-07
2.843606e-07
2.788409e-07
2.636529e-07
2.453695e-07
2.388412e-07
2.328193e-07
2.037013e-07
2.260971e-07
2.141647e-07
2.069280e-07
1.941898e-07
1.876235e-07
1.767047e-07
1.896237e-07
1.820585e-07
1.703539e-07
1.580715e-07
1.527001e-07
1.418103e-07
1.533514e-07
1.520502e-07
1.407109e-07
1.395806e-07
1.270817e-07
1.175849e-07
1.325180e-07
1.258265e-07
1.183578e-07
1.160056e-07
1.063766e-07
9.659811e-08
