4.422968e-06
4.435927e-06
4.279700e-06
4.254836e-06
4.026164e-06
3.946730e-06
3.376907e-06
3.407794e-06
3.339269e-06
3.203017e-06
2.995604e-06
2.935556e-06
2.628924e-06
2.632337e-06
2.604306e-06
2.453627e-06
2.363075e-06
2.278889e-06
2.144426e-06
2.114550e-06
2.073033e-06
1.992342e-06
1.899774e-06
1.842912e-06
1.797899e-06
1.726722e-06
1.752157e-06
1.659090e-06
1.595630e-06
1.538165e-06
1.563159e-06
1.482452e-06
1.434164e-06
1.387658e-06
1.337525e-06
1.259977e-06
1.316582e-06
1.273413e-06
1.226699e-06
1.188513e-06
1.113887e-06
1.070968e-06
1.121327e-06
1.089632e-06
1.047887e-06
1.020370e-06
9.600839e-07
9.233797e-07
9.819935e-07
9.499158e-07
9.224183e-07
8.816799e-07
8.254566e-07
7.925504e-07
8.710677e-07
8.273162e-07
7.910527e-07
7.600061e-07
7.168497e-07
6.982731e-07
7.723679e-07
7.434101e-07
7.052529e-07
6.655668e-07
6.433006e-07
6.104373e-07
6.980450e-07
6.613031e-07
6.250496e-07
6.130548e-07
5.674413e-07
5.331389e-07
6.199564e-07
5.992761e-07
5.637415e-07
5.419280e-07
5.114433e-07
4.820216e-07
5.637924e-07
5.434143e-07
5.161668e-07
4.850488e-07
4.619436e-07
4.314803e-07
5.199888e-07
5.003351e-07
4.716706e-07
4.401856e-07
4.167411e-07
3.916563e-07
4.737065e-07
4.525450e-07
4.240964e-07
3.966074e-07
3.725044e-07
3.497162e-07
4.355666e-07
4.134963e-07
3.912717e-07
3.637931e-07
3.445947e-07
3.211135e-07
4.058245e-07
3.843691e-07
3.586861e-07
3.315869e-07
3.102074e-07
2.915894e-07
3.736430e-07
3.499928e-07
3.282982e-07
3.070994e-07
2.877897e-07
2.700172e-07
3.499812e-07
3.228345e-07
2.978731e-07
2.820313e-07
2.636443e-07
2.488289e-07
