4.533783e-06
4.374655e-06
4.253124e-06
4.187590e-06
4.068118e-06
3.966132e-06
3.431169e-06
3.313377e-06
3.262089e-06
3.169907e-06
3.103685e-06
2.939016e-06
2.703973e-06
2.659826e-06
2.552221e-06
2.544154e-06
2.393788e-06
2.322071e-06
2.210837e-06
2.145358e-06
2.055046e-06
1.980200e-06
1.937614e-06
1.872583e-06
1.821021e-06
1.795835e-06
1.768125e-06
1.636243e-06
1.620357e-06
1.535606e-06
1.526464e-06
1.518695e-06
1.462003e-06
1.384913e-06
1.349758e-06
1.279806e-06
1.326840e-06
1.276086e-06
1.234716e-06
1.188892e-06
1.138307e-06
1.073283e-06
1.139024e-06
1.106429e-06
1.050147e-06
1.023570e-06
9.631796e-07
9.177215e-07
9.889137e-07
9.640207e-07
9.332124e-07
8.837254e-07
8.312877e-07
7.972456e-07
8.810832e-07
8.392499e-07
8.150344e-07
7.769439e-07
7.302622e-07
6.937987e-07
7.747961e-07
7.391652e-07
7.159729e-07
6.791574e-07
6.402752e-07
6.130763e-07
6.951100e-07
6.642880e-07
6.466481e-07
6.115623e-07
5.761474e-07
5.410859e-07
6.199982e-07
6.010480e-07
5.725311e-07
5.555984e-07
5.090005e-07
4.862209e-07
5.629859e-07
5.372565e-07
5.203157e-07
4.981528e-07
4.642664e-07
4.416785e-07
5.197283e-07
4.902492e-07
4.674373e-07
4.521451e-07
4.192493e-07
4.017326e-07
4.701732e-07
4.451737e-07
4.260031e-07
4.059321e-07
3.735429e-07
3.592378e-07
4.362110e-07
4.139071e-07
3.847776e-07
3.675133e-07
3.463761e-07
3.236642e-07
4.024495e-07
3.777760e-07
3.517638e-07
3.343573e-07
3.161888e-07
2.946433e-07
3.732690e-07
3.445723e-07
3.245409e-07
3.030657e-07
2.902875e-07
2.668887e-07
3.427319e-07
3.194815e-07
3.011614e-07
2.789618e-07
2.678101e-07
2.446948e-07
