1.480042e-06
1.514842e-06
1.538193e-06
1.344270e-06
1.318398e-06
1.225079e-06
9.408064e-07
9.155654e-07
8.911128e-07
8.150017e-07
8.014316e-07
7.768730e-07
6.577131e-07
6.061388e-07
5.946795e-07
5.392107e-07
5.470312e-07
5.285292e-07
4.940603e-07
4.558318e-07
4.380555e-07
4.075176e-07
3.724279e-07
3.779484e-07
3.605614e-07
3.299571e-07
3.306295e-07
2.965775e-07
2.837272e-07
2.895559e-07
2.797564e-07
2.705671e-07
2.523977e-07
2.324865e-07
2.291645e-07
2.207226e-07
2.200803e-07
2.105856e-07
2.038419e-07
1.899838e-07
1.759959e-07
1.730167e-07
1.853238e-07
1.764978e-07
1.652131e-07
1.520396e-07
1.457409e-07
1.349408e-07
1.481332e-07
1.474280e-07
1.364220e-07
1.327742e-07
1.221020e-07
1.136097e-07
1.308018e-07
1.238979e-07
1.189910e-07
1.120336e-07
1.021904e-07
9.827895e-08
