4.472829e-06
4.426738e-06
4.319611e-06
4.151297e-06
4.111123e-06
4.019698e-06
3.343257e-06
3.345997e-06
3.203345e-06
3.125775e-06
3.084002e-06
3.041833e-06
2.680554e-06
2.661436e-06
2.530985e-06
2.500967e-06
2.461331e-06
2.394932e-06
2.189746e-06
2.134889e-06
2.077089e-06
2.026519e-06
1.989386e-06
1.893900e-06
1.763859e-06
1.767519e-06
1.696851e-06
1.671782e-06
1.653990e-06
1.547242e-06
1.538613e-06
1.493068e-06
1.444506e-06
1.388414e-06
1.358445e-06
1.302777e-06
1.313658e-06
1.266009e-06
1.203005e-06
1.180707e-06
1.152692e-06
1.093962e-06
1.141895e-06
1.085681e-06
1.045689e-06
9.938546e-07
9.886410e-07
9.358970e-07
1.019876e-06
9.652059e-07
9.031841e-07
8.706151e-07
8.509126e-07
7.861147e-07
8.987768e-07
8.404737e-07
7.946039e-07
7.528266e-07
7.497813e-07
6.883281e-07
7.835184e-07
7.430244e-07
7.055594e-07
6.778429e-07
6.600326e-07
6.037411e-07
6.952398e-07
6.675601e-07
6.382063e-07
6.014540e-07
5.835066e-07
5.214108e-07
6.391642e-07
6.076184e-07
5.677024e-07
5.392757e-07
5.197089e-07
4.788281e-07
5.770431e-07
5.485639e-07
5.105600e-07
4.824744e-07
4.642954e-07
4.282211e-07
5.234320e-07
4.931093e-07
4.585513e-07
4.399613e-07
4.168509e-07
3.913757e-07
4.736804e-07
4.489773e-07
4.220469e-07
4.018190e-07
3.755981e-07
3.542273e-07
4.277637e-07
4.115052e-07
3.914376e-07
3.627984e-07
3.419520e-07
3.232604e-07
3.950644e-07
3.782721e-07
3.540562e-07
3.327785e-07
3.123316e-07
2.943633e-07
3.662828e-07
3.457828e-07
3.251753e-07
3.038030e-07
2.881555e-07
2.699242e-07
3.382089e-07
3.191189e-07
2.989960e-07
2.792638e-07
2.643735e-07
2.487841e-07
