1.460389e-06
1.397689e-06
1.515254e-06
1.333574e-06
1.307629e-06
1.310031e-06
9.270486e-07
9.741122e-07
8.486361e-07
7.988547e-07
8.039169e-07
7.948279e-07
6.331088e-07
6.032884e-07
5.780693e-07
5.844611e-07
5.237229e-07
5.209938e-07
4.832150e-07
4.347723e-07
4.109247e-07
4.034539e-07
4.027101e-07
3.823350e-07
3.623575e-07
3.393500e-07
3.175195e-07
3.115148e-07
2.909563e-07
2.739043e-07
2.757832e-07
2.648465e-07
2.527717e-07
2.373278e-07
2.220753e-07
2.133457e-07
2.246330e-07
2.131214e-07
1.970155e-07
1.966555e-07
1.826370e-07
1.701871e-07
1.848710e-07
1.792998e-07
1.740472e-07
1.587108e-07
1.471731e-07
1.338459e-07
1.599530e-07
1.453696e-07
1.393615e-07
1.351228e-07
1.245563e-07
1.130700e-07
1.343396e-07
1.248555e-07
1.162562e-07
1.132854e-07
1.006683e-07
9.564987e-08
