4.517497e-06
4.320204e-06
4.270254e-06
4.162437e-06
3.899942e-06
3.927561e-06
3.438390e-06
3.310542e-06
3.269366e-06
3.170521e-06
3.084604e-06
2.951786e-06
2.690434e-06
2.614216e-06
2.517225e-06
2.544370e-06
2.442563e-06
2.316080e-06
2.216107e-06
2.148935e-06
2.084467e-06
2.017363e-06
1.952243e-06
1.874361e-06
1.775680e-06
1.780491e-06
1.713512e-06
1.637871e-06
1.610332e-06
1.514859e-06
1.521003e-06
1.513536e-06
1.424266e-06
1.351683e-06
1.353693e-06
1.282829e-06
1.297431e-06
1.247723e-06
1.212217e-06
1.154351e-06
1.128496e-06
1.077482e-06
1.128244e-06
1.081651e-06
1.046207e-06
1.010824e-06
9.735065e-07
9.139490e-07
9.838664e-07
9.624198e-07
9.267409e-07
8.719781e-07
8.365456e-07
7.747169e-07
8.727001e-07
8.498151e-07
8.131564e-07
7.648485e-07
7.454342e-07
6.844692e-07
7.867937e-07
7.451503e-07
7.139268e-07
6.756557e-07
6.506653e-07
6.066689e-07
7.028864e-07
6.741428e-07
6.391544e-07
6.115352e-07
5.775371e-07
5.411135e-07
6.177342e-07
6.059670e-07
5.882695e-07
5.590736e-07
5.167915e-07
4.900221e-07
5.649726e-07
5.471510e-07
5.213476e-07
4.808579e-07
4.584659e-07
4.389639e-07
5.137674e-07
4.963662e-07
4.708092e-07
4.395696e-07
4.148433e-07
3.935011e-07
4.623614e-07
4.503553e-07
4.280154e-07
3.951229e-07
3.797912e-07
3.491426e-07
4.274327e-07
4.193742e-07
3.893090e-07
3.643794e-07
3.491645e-07
3.249191e-07
3.923539e-07
3.814468e-07
3.562880e-07
3.347973e-07
3.216932e-07
2.952358e-07
3.700373e-07
3.489527e-07
3.268684e-07
3.009659e-07
2.919836e-07
2.717869e-07
3.465239e-07
3.223169e-07
3.013952e-07
2.797055e-07
2.664938e-07
2.475830e-07
