1.364352e-06
1.371980e-06
1.437190e-06
1.313395e-06
1.250126e-06
1.309076e-06
8.442930e-07
8.944523e-07
8.446691e-07
8.277501e-07
8.045134e-07
7.607377e-07
6.726594e-07
6.148994e-07
5.668337e-07
5.681216e-07
5.641161e-07
5.048602e-07
4.600370e-07
4.411858e-07
4.190531e-07
4.232025e-07
3.941093e-07
3.580092e-07
3.458423e-07
3.401800e-07
3.179780e-07
3.052977e-07
2.942170e-07
2.717210e-07
2.738459e-07
2.661599e-07
2.576230e-07
2.407957e-07
2.288822e-07
2.211902e-07
2.284154e-07
2.167286e-07
2.091537e-07
1.904916e-07
1.827361e-07
1.703979e-07
1.923369e-07
1.772461e-07
1.660005e-07
1.574876e-07
1.518098e-07
1.412908e-07
1.606449e-07
1.550540e-07
1.371697e-07
1.291434e-07
1.233921e-07
1.175043e-07
1.383066e-07
1.288925e-07
1.193956e-07
1.096444e-07
1.061607e-07
9.828416e-08
