5.539901e+04
5.662917e+04
5.466364e+04
5.368508e+04
5.359560e+04
5.372021e+04
9.398011e+04
9.050144e+04
9.203124e+04
8.770732e+04
8.281900e+04
7.796199e+04
1.363235e+05
1.275923e+05
1.282078e+05
1.192038e+05
1.145209e+05
1.140622e+05
1.837950e+05
1.679511e+05
1.630416e+05
1.637878e+05
1.543989e+05
1.504342e+05
2.256949e+05
2.235953e+05
2.229545e+05
2.132268e+05
2.025939e+05
1.987295e+05
2.959588e+05
2.824712e+05
2.580277e+05
2.601343e+05
2.516041e+05
2.481962e+05
3.632455e+05
3.439345e+05
3.268383e+05
3.118185e+05
3.144842e+05
2.998064e+05
4.397686e+05
4.262212e+05
3.980585e+05
3.650610e+05
3.454675e+05
3.546141e+05
5.006519e+05
4.795426e+05
4.488556e+05
4.310901e+05
4.065804e+05
4.040826e+05
6.383919e+05
5.489631e+05
5.063504e+05
4.879688e+05
4.673844e+05
4.510456e+05
