5.511938e+04
5.921320e+04
5.407929e+04
5.299382e+04
5.081837e+04
5.035875e+04
9.599581e+04
8.923579e+04
9.187141e+04
8.383817e+04
8.176729e+04
8.421353e+04
1.353462e+05
1.258162e+05
1.287664e+05
1.253204e+05
1.191913e+05
1.127005e+05
1.784797e+05
1.809731e+05
1.747995e+05
1.675015e+05
1.563964e+05
1.556229e+05
2.476595e+05
2.338607e+05
2.214431e+05
2.133383e+05
1.975645e+05
2.080803e+05
3.027303e+05
2.817631e+05
2.524036e+05
2.574641e+05
2.435193e+05
2.472880e+05
3.748451e+05
3.425078e+05
3.273808e+05
3.169338e+05
3.032801e+05
2.937290e+05
4.581695e+05
4.065174e+05
3.751392e+05
3.611098e+05
3.754664e+05
3.511411e+05
5.259585e+05
4.928880e+05
4.514191e+05
4.214204e+05
4.269072e+05
4.013045e+05
6.136475e+05
5.603539e+05
5.294582e+05
4.932148e+05
4.905711e+05
4.455355e+05
