2.015900e+04
1.936265e+04
1.936517e+04
1.925609e+04
1.848679e+04
1.802555e+04
2.582628e+04
2.478830e+04
2.432294e+04
2.396698e+04
2.361829e+04
2.277194e+04
3.270009e+04
3.069560e+04
3.064902e+04
2.996922e+04
2.944940e+04
2.898960e+04
4.021301e+04
3.848034e+04
3.746712e+04
3.636894e+04
3.496468e+04
3.509833e+04
4.724719e+04
4.612088e+04
4.392403e+04
4.329458e+04
4.163636e+04
4.211036e+04
5.663837e+04
5.348717e+04
5.212526e+04
4.997873e+04
5.041702e+04
4.790954e+04
6.661181e+04
6.244579e+04
6.070200e+04
5.743167e+04
5.692558e+04
5.554670e+04
7.621615e+04
7.128358e+04
6.834289e+04
6.630272e+04
6.478703e+04
6.316000e+04
8.618887e+04
8.119260e+04
7.705322e+04
7.509436e+04
7.359020e+04
7.215167e+04
9.691318e+04
9.216469e+04
8.821622e+04
8.539697e+04
8.270230e+04
8.144002e+04
1.090696e+05
1.040629e+05
9.858525e+04
9.491601e+04
9.210513e+04
9.082043e+04
1.200660e+05
1.160291e+05
1.103108e+05
1.060727e+05
1.022304e+05
1.001483e+05
1.315276e+05
1.269644e+05
1.208739e+05
1.156961e+05
1.112405e+05
1.104372e+05
1.456362e+05
1.373029e+05
1.321817e+05
1.274799e+05
1.213042e+05
1.218169e+05
1.565846e+05
1.519879e+05
1.437182e+05
1.384058e+05
1.336477e+05
1.295532e+05
1.728368e+05
1.648078e+05
1.556144e+05
1.514548e+05
1.427656e+05
1.414110e+05
1.871817e+05
1.775153e+05
1.690008e+05
1.627602e+05
1.562490e+05
1.530234e+05
2.044549e+05
1.914431e+05
1.823788e+05
1.741524e+05
1.663489e+05
1.622712e+05
2.235134e+05
2.052477e+05
1.947752e+05
1.859805e+05
1.757792e+05
1.758997e+05
2.355224e+05
2.219732e+05
2.113480e+05
1.998123e+05
1.885668e+05
1.837228e+05
