5.977503e+04
6.172268e+04
5.171771e+04
5.470950e+04
5.102996e+04
5.259293e+04
9.685887e+04
8.833017e+04
8.578507e+04
8.601214e+04
8.355187e+04
8.552321e+04
1.385966e+05
1.261652e+05
1.275954e+05
1.216602e+05
1.193945e+05
1.173880e+05
1.776524e+05
1.708259e+05
1.736340e+05
1.595545e+05
1.670553e+05
1.604880e+05
2.297507e+05
2.271263e+05
2.228451e+05
2.127299e+05
2.146043e+05
2.046994e+05
2.946239e+05
2.734416e+05
2.655429e+05
2.680886e+05
2.506752e+05
2.594460e+05
3.624993e+05
3.459254e+05
3.313257e+05
3.196892e+05
3.248860e+05
3.041502e+05
4.278963e+05
4.083503e+05
3.930111e+05
3.700216e+05
3.615729e+05
3.553169e+05
5.112492e+05
4.716641e+05
4.515079e+05
4.287248e+05
4.175616e+05
4.008594e+05
6.056547e+05
5.335134e+05
5.293172e+05
4.980273e+05
4.785937e+05
4.542386e+05
