1.946107e+04
1.912699e+04
1.912101e+04
1.920115e+04
1.830238e+04
1.811647e+04
2.545231e+04
2.504024e+04
2.409214e+04
2.408088e+04
2.355004e+04
2.294844e+04
3.154823e+04
3.076105e+04
3.013566e+04
2.976994e+04
2.877756e+04
2.870527e+04
3.904851e+04
3.840072e+04
3.727795e+04
3.631088e+04
3.489212e+04
3.504457e+04
4.722502e+04
4.550016e+04
4.399576e+04
4.250006e+04
4.176473e+04
4.176100e+04
5.611178e+04
5.413914e+04
5.188660e+04
4.984894e+04
4.946799e+04
4.912967e+04
6.519973e+04
6.365947e+04
6.108524e+04
5.816796e+04
5.746917e+04
5.644300e+04
7.414791e+04
7.219356e+04
6.906701e+04
6.737605e+04
6.492138e+04
6.302190e+04
8.550956e+04
8.333965e+04
7.923036e+04
7.672064e+04
7.307578e+04
7.129808e+04
9.716641e+04
9.318818e+04
8.815926e+04
8.577378e+04
8.142332e+04
8.059991e+04
1.081818e+05
1.030669e+05
1.005798e+05
9.568857e+04
9.247938e+04
9.024870e+04
1.208277e+05
1.141284e+05
1.099381e+05
1.058770e+05
1.011740e+05
9.993877e+04
1.318865e+05
1.266232e+05
1.218598e+05
1.151000e+05
1.111726e+05
1.094945e+05
1.458713e+05
1.389447e+05
1.321236e+05
1.275303e+05
1.205240e+05
1.191517e+05
1.596034e+05
1.533231e+05
1.445935e+05
1.356104e+05
1.337990e+05
1.295211e+05
1.781947e+05
1.647168e+05
1.565498e+05
1.486789e+05
1.439662e+05
1.407983e+05
1.901354e+05
1.801324e+05
1.714075e+05
1.621585e+05
1.555459e+05
1.513618e+05
2.057750e+05
1.929783e+05
1.808620e+05
1.747819e+05
1.683395e+05
1.604910e+05
2.238974e+05
2.058951e+05
1.978950e+05
1.864973e+05
1.813420e+05
1.710933e+05
2.402575e+05
2.204982e+05
2.104281e+05
1.999201e+05
1.946951e+05
1.846517e+05
