2.028368e+04
1.924679e+04
1.873966e+04
1.845639e+04
1.841047e+04
1.764430e+04
2.599078e+04
2.539205e+04
2.445851e+04
2.418924e+04
2.329998e+04
2.311926e+04
3.248427e+04
3.213448e+04
3.115263e+04
2.947019e+04
2.942717e+04
2.885061e+04
3.907659e+04
3.921309e+04
3.767865e+04
3.596914e+04
3.454337e+04
3.570058e+04
4.680176e+04
4.585248e+04
4.434027e+04
4.321995e+04
4.138388e+04
4.149926e+04
5.514221e+04
5.464991e+04
5.185274e+04
5.093572e+04
4.965688e+04
4.812863e+04
6.406494e+04
6.174054e+04
6.007599e+04
5.910136e+04
5.690092e+04
5.567343e+04
7.436512e+04
7.193241e+04
6.968625e+04
6.752117e+04
6.496650e+04
6.352961e+04
8.643758e+04
8.202018e+04
7.854752e+04
7.554476e+04
7.391094e+04
7.128936e+04
9.611559e+04
9.129492e+04
8.911559e+04
8.607186e+04
8.372045e+04
8.000123e+04
1.073279e+05
1.012328e+05
9.840792e+04
9.644211e+04
9.203379e+04
8.947400e+04
1.183553e+05
1.149360e+05
1.096503e+05
1.048320e+05
1.032074e+05
9.896509e+04
1.325801e+05
1.266892e+05
1.211443e+05
1.166780e+05
1.135894e+05
1.093849e+05
1.457184e+05
1.400440e+05
1.337420e+05
1.258117e+05
1.218523e+05
1.184670e+05
1.619756e+05
1.516400e+05
1.458932e+05
1.381840e+05
1.319940e+05
1.285997e+05
1.734800e+05
1.649002e+05
1.579628e+05
1.498871e+05
1.417524e+05
1.424841e+05
1.911564e+05
1.798608e+05
1.666287e+05
1.621659e+05
1.547881e+05
1.526248e+05
2.047559e+05
1.910498e+05
1.790740e+05
1.741915e+05
1.670741e+05
1.630513e+05
2.189036e+05
2.037826e+05
1.933437e+05
1.877450e+05
1.771014e+05
1.738731e+05
2.387684e+05
2.204556e+05
2.101107e+05
2.029258e+05
1.897140e+05
1.823541e+05
