1.979176e+04
1.930104e+04
1.907809e+04
1.845807e+04
1.821745e+04
1.820559e+04
2.533129e+04
2.463477e+04
2.386608e+04
2.408928e+04
2.342700e+04
2.305241e+04
3.153561e+04
3.081656e+04
3.022323e+04
3.001005e+04
2.976253e+04
2.921198e+04
3.950045e+04
3.722088e+04
3.650732e+04
3.615982e+04
3.580360e+04
3.517690e+04
4.710670e+04
4.585039e+04
4.428297e+04
4.333625e+04
4.276592e+04
4.168982e+04
5.674888e+04
5.249065e+04
5.239127e+04
5.154502e+04
4.938291e+04
4.882347e+04
6.465496e+04
6.205046e+04
6.001045e+04
5.873268e+04
5.631474e+04
5.555477e+04
7.440741e+04
7.108727e+04
6.833406e+04
6.749059e+04
6.627406e+04
6.389310e+04
8.479684e+04
8.165051e+04
7.864839e+04
7.611271e+04
7.499970e+04
7.201268e+04
9.551774e+04
9.080025e+04
8.820130e+04
8.680689e+04
8.249284e+04
8.053944e+04
1.070028e+05
1.032414e+05
9.933968e+04
9.552399e+04
9.380157e+04
8.960223e+04
1.198305e+05
1.150860e+05
1.086286e+05
1.068671e+05
1.020517e+05
9.916585e+04
1.329438e+05
1.261561e+05
1.207804e+05
1.162617e+05
1.135587e+05
1.086071e+05
1.431189e+05
1.404130e+05
1.318761e+05
1.250065e+05
1.221644e+05
1.184910e+05
1.581160e+05
1.521525e+05
1.447623e+05
1.347140e+05
1.331793e+05
1.315115e+05
1.756740e+05
1.611691e+05
1.552413e+05
1.447800e+05
1.434887e+05
1.430143e+05
1.887064e+05
1.749269e+05
1.678661e+05
1.600817e+05
1.542690e+05
1.534815e+05
2.054218e+05
1.904078e+05
1.803651e+05
1.714841e+05
1.679520e+05
1.626132e+05
2.224944e+05
2.055328e+05
1.956430e+05
1.839817e+05
1.777671e+05
1.713611e+05
2.367541e+05
2.204102e+05
2.092480e+05
1.982807e+05
1.903192e+05
1.841836e+05
