1.407232e+04
1.493333e+04
1.426189e+04
1.440075e+04
1.309341e+04
1.357171e+04
2.383019e+04
2.272104e+04
2.162368e+04
2.159964e+04
2.116110e+04
2.119671e+04
3.418285e+04
3.224706e+04
3.114290e+04
3.118649e+04
3.012624e+04
2.906113e+04
4.618692e+04
4.153366e+04
4.188226e+04
4.168347e+04
4.147880e+04
4.006708e+04
5.509062e+04
5.925971e+04
5.624858e+04
5.368316e+04
5.159162e+04
5.067836e+04
7.494326e+04
7.213089e+04
6.849086e+04
6.680878e+04
6.753683e+04
6.243436e+04
8.941200e+04
8.680522e+04
8.403695e+04
7.735620e+04
7.923790e+04
7.506691e+04
1.122862e+05
1.044252e+05
9.660541e+04
9.248980e+04
9.377212e+04
9.091559e+04
1.312324e+05
1.244240e+05
1.171226e+05
1.080831e+05
1.059002e+05
1.082169e+05
1.539480e+05
1.415846e+05
1.332812e+05
1.268557e+05
1.192573e+05
1.205463e+05
