5.567308e+04
5.843829e+04
5.531832e+04
5.626056e+04
5.380447e+04
5.275911e+04
9.203315e+04
8.661301e+04
8.922736e+04
8.732283e+04
9.042050e+04
8.374073e+04
1.300612e+05
1.271426e+05
1.287128e+05
1.214105e+05
1.191683e+05
1.186706e+05
1.890565e+05
1.766819e+05
1.739844e+05
1.718598e+05
1.614482e+05
1.644508e+05
2.266438e+05
2.369628e+05
2.226198e+05
2.192555e+05
2.086769e+05
2.022561e+05
3.029738e+05
2.961533e+05
2.700937e+05
2.632508e+05
2.541858e+05
2.534140e+05
3.833951e+05
3.511728e+05
3.329018e+05
3.050093e+05
3.048191e+05
2.977711e+05
4.439857e+05
4.083679e+05
3.961614e+05
3.816141e+05
3.622466e+05
3.458862e+05
5.199418e+05
4.893270e+05
4.659968e+05
4.478719e+05
4.244227e+05
4.060889e+05
5.989748e+05
5.587143e+05
5.235012e+05
5.080708e+05
4.771502e+05
4.611956e+05
