1.980857e+04
1.973715e+04
1.921608e+04
1.888967e+04
1.844235e+04
1.845953e+04
2.575072e+04
2.489484e+04
2.462572e+04
2.415448e+04
2.372114e+04
2.318463e+04
3.261538e+04
3.119548e+04
3.033780e+04
2.989780e+04
2.964228e+04
2.947735e+04
3.961164e+04
3.837055e+04
3.733845e+04
3.715107e+04
3.519696e+04
3.539480e+04
4.780593e+04
4.631682e+04
4.428500e+04
4.338418e+04
4.153311e+04
4.209844e+04
5.530693e+04
5.256730e+04
5.266097e+04
5.145179e+04
4.913757e+04
4.857884e+04
6.427770e+04
6.239332e+04
6.087953e+04
5.870255e+04
5.730735e+04
5.637982e+04
7.350412e+04
7.137982e+04
6.911907e+04
6.820865e+04
6.498278e+04
6.321500e+04
8.368005e+04
8.118025e+04
7.777221e+04
7.847579e+04
7.277765e+04
7.186373e+04
9.562716e+04
9.143618e+04
8.872143e+04
8.530036e+04
8.187030e+04
8.188024e+04
1.056509e+05
1.000427e+05
9.748711e+04
9.566592e+04
9.220581e+04
8.879627e+04
1.186399e+05
1.133258e+05
1.084961e+05
1.065433e+05
1.011563e+05
1.004680e+05
1.315886e+05
1.249686e+05
1.184444e+05
1.170512e+05
1.097935e+05
1.092314e+05
1.450660e+05
1.370164e+05
1.318948e+05
1.243541e+05
1.230986e+05
1.191394e+05
1.600863e+05
1.490883e+05
1.439856e+05
1.375047e+05
1.338480e+05
1.290368e+05
1.750057e+05
1.639961e+05
1.552538e+05
1.486519e+05
1.453593e+05
1.398902e+05
1.867318e+05
1.775112e+05
1.685756e+05
1.603409e+05
1.575717e+05
1.517074e+05
2.027056e+05
1.928819e+05
1.803686e+05
1.721052e+05
1.699930e+05
1.603243e+05
2.193648e+05
2.068542e+05
1.963407e+05
1.867176e+05
1.806876e+05
1.725719e+05
2.369701e+05
2.258135e+05
2.102092e+05
1.986395e+05
1.919011e+05
1.804102e+05
