1.483942e+04
1.467641e+04
1.477181e+04
1.355367e+04
1.408745e+04
1.354447e+04
2.435951e+04
2.350528e+04
2.185055e+04
2.215366e+04
2.170701e+04
2.155240e+04
3.305475e+04
3.232948e+04
3.179413e+04
3.021682e+04
2.980943e+04
2.930686e+04
4.374107e+04
4.358868e+04
4.232230e+04
3.985874e+04
3.942176e+04
4.065038e+04
5.825327e+04
5.462600e+04
5.538005e+04
5.362749e+04
5.073923e+04
5.358407e+04
7.209338e+04
7.055972e+04
6.846265e+04
6.736283e+04
6.395624e+04
6.460349e+04
9.635508e+04
8.475116e+04
8.448726e+04
8.046265e+04
7.718875e+04
7.714615e+04
1.095815e+05
1.043663e+05
9.673415e+04
9.876624e+04
9.086236e+04
9.150034e+04
1.316660e+05
1.235315e+05
1.170646e+05
1.110274e+05
1.065996e+05
1.032666e+05
1.513706e+05
1.432648e+05
1.314154e+05
1.256709e+05
1.244075e+05
1.208261e+05
