5.471658e+04
5.747075e+04
5.307288e+04
5.445349e+04
5.790297e+04
5.429488e+04
9.096094e+04
8.830597e+04
8.760639e+04
8.342290e+04
8.839703e+04
8.514177e+04
1.365742e+05
1.319936e+05
1.262362e+05
1.210539e+05
1.173296e+05
1.199863e+05
1.766819e+05
1.764903e+05
1.749533e+05
1.623286e+05
1.609867e+05
1.490262e+05
2.385448e+05
2.294289e+05
2.210359e+05
2.128516e+05
2.121840e+05
2.019904e+05
2.997293e+05
2.807651e+05
2.673002e+05
2.519589e+05
2.539635e+05
2.552928e+05
3.697400e+05
3.389833e+05
3.330471e+05
3.292968e+05
3.252423e+05
2.964222e+05
4.221192e+05
4.199126e+05
3.895243e+05
3.783252e+05
3.601294e+05
3.465807e+05
5.211500e+05
4.846967e+05
4.448191e+05
4.276807e+05
4.176958e+05
4.160774e+05
5.939267e+05
5.465974e+05
5.213179e+05
5.028207e+05
4.821731e+05
4.825191e+05
