2.020087e+04
1.931936e+04
1.898422e+04
1.862884e+04
1.825529e+04
1.811252e+04
2.556928e+04
2.481316e+04
2.460345e+04
2.363657e+04
2.297675e+04
2.298781e+04
3.239031e+04
3.120030e+04
3.076131e+04
2.950422e+04
2.917236e+04
2.817367e+04
3.935869e+04
3.863740e+04
3.711174e+04
3.597974e+04
3.583286e+04
3.403399e+04
4.759987e+04
4.598057e+04
4.446156e+04
4.388354e+04
4.179231e+04
3.997411e+04
5.621114e+04
5.316970e+04
5.221381e+04
5.043783e+04
4.930187e+04
4.806513e+04
6.486498e+04
6.144864e+04
6.047921e+04
5.815396e+04
5.628698e+04
5.447238e+04
7.558792e+04
7.046021e+04
6.871984e+04
6.630429e+04
6.466517e+04
6.213569e+04
8.545124e+04
8.133247e+04
7.774244e+04
7.509821e+04
7.207335e+04
7.177942e+04
9.442229e+04
9.119213e+04
8.862683e+04
8.609916e+04
8.110140e+04
8.000031e+04
1.078589e+05
1.018089e+05
9.857118e+04
9.481762e+04
9.110777e+04
8.730355e+04
1.187446e+05
1.130115e+05
1.109503e+05
1.045552e+05
9.855129e+04
9.747800e+04
1.338518e+05
1.251812e+05
1.196170e+05
1.162776e+05
1.099207e+05
1.089709e+05
1.469848e+05
1.355242e+05
1.311050e+05
1.283953e+05
1.201477e+05
1.195884e+05
1.599339e+05
1.482847e+05
1.429227e+05
1.391986e+05
1.315580e+05
1.297618e+05
1.755481e+05
1.653700e+05
1.548421e+05
1.495891e+05
1.436434e+05
1.404157e+05
1.896629e+05
1.763697e+05
1.663735e+05
1.617353e+05
1.553728e+05
1.512858e+05
2.065828e+05
1.942594e+05
1.807528e+05
1.743910e+05
1.689158e+05
1.603978e+05
2.236862e+05
2.084146e+05
1.937090e+05
1.876507e+05
1.792577e+05
1.724273e+05
2.402444e+05
2.255003e+05
2.101337e+05
1.968316e+05
1.909417e+05
1.827187e+05
