5.539038e+04
5.958258e+04
5.584282e+04
5.581513e+04
5.204607e+04
5.580088e+04
9.391955e+04
8.651132e+04
9.004549e+04
8.603570e+04
8.235358e+04
8.428772e+04
1.384667e+05
1.398805e+05
1.226194e+05
1.167876e+05
1.117010e+05
1.236570e+05
1.844047e+05
1.743680e+05
1.697019e+05
1.655655e+05
1.585642e+05
1.594460e+05
2.405643e+05
2.251766e+05
2.239784e+05
2.045976e+05
2.009000e+05
2.005662e+05
2.938238e+05
2.836423e+05
2.764903e+05
2.645089e+05
2.494351e+05
2.400348e+05
3.548157e+05
3.478079e+05
3.483933e+05
3.231814e+05
3.028693e+05
2.900878e+05
4.301411e+05
4.038442e+05
3.991364e+05
3.833924e+05
3.666963e+05
3.599379e+05
5.057357e+05
4.830686e+05
4.485459e+05
4.474629e+05
4.349940e+05
4.172277e+05
5.883601e+05
5.412003e+05
5.393370e+05
5.174077e+05
4.841444e+05
4.674103e+05
