1.973561e+04
1.874498e+04
1.870927e+04
1.899865e+04
1.842779e+04
1.788152e+04
2.532947e+04
2.510955e+04
2.452399e+04
2.389933e+04
2.358544e+04
2.308241e+04
3.197025e+04
3.048402e+04
3.082338e+04
3.009101e+04
2.949002e+04
2.823815e+04
3.929339e+04
3.709593e+04
3.682164e+04
3.657215e+04
3.552319e+04
3.556591e+04
4.614637e+04
4.457619e+04
4.485431e+04
4.336916e+04
4.221197e+04
4.140023e+04
5.458918e+04
5.280284e+04
5.157729e+04
5.066773e+04
4.904085e+04
4.904957e+04
6.454444e+04
6.299872e+04
6.010059e+04
5.924195e+04
5.731499e+04
5.635679e+04
7.310874e+04
7.196259e+04
6.868579e+04
6.625526e+04
6.522743e+04
6.335327e+04
8.487629e+04
8.186984e+04
7.869193e+04
7.539173e+04
7.394501e+04
7.339029e+04
9.602445e+04
9.128688e+04
8.753654e+04
8.364697e+04
8.254385e+04
8.035910e+04
1.086651e+05
1.019151e+05
9.902412e+04
9.471152e+04
9.123575e+04
8.834433e+04
1.196131e+05
1.148958e+05
1.087160e+05
1.047474e+05
1.005918e+05
9.700439e+04
1.334289e+05
1.254070e+05
1.199375e+05
1.145736e+05
1.103465e+05
1.081053e+05
1.462817e+05
1.376295e+05
1.318598e+05
1.283658e+05
1.212538e+05
1.183504e+05
1.603794e+05
1.518312e+05
1.466679e+05
1.393019e+05
1.319661e+05
1.280787e+05
1.750223e+05
1.650935e+05
1.567216e+05
1.508039e+05
1.441405e+05
1.394178e+05
1.881899e+05
1.781743e+05
1.667855e+05
1.642571e+05
1.567762e+05
1.504498e+05
2.076490e+05
1.912243e+05
1.823576e+05
1.761554e+05
1.661296e+05
1.606153e+05
2.211547e+05
2.093046e+05
1.959844e+05
1.893441e+05
1.773692e+05
1.716967e+05
2.381996e+05
2.246504e+05
2.058754e+05
1.979911e+05
1.891549e+05
1.828237e+05
