5.506909e+04
5.680409e+04
5.539031e+04
5.076483e+04
5.174198e+04
5.090027e+04
9.142068e+04
8.338551e+04
8.791248e+04
8.771203e+04
8.795818e+04
8.007425e+04
1.383697e+05
1.345816e+05
1.265207e+05
1.166565e+05
1.212823e+05
1.131170e+05
1.849539e+05
1.747626e+05
1.711509e+05
1.548251e+05
1.522974e+05
1.527506e+05
2.449298e+05
2.288697e+05
2.198948e+05
2.097096e+05
1.958184e+05
2.009264e+05
2.957852e+05
3.044401e+05
2.612845e+05
2.664288e+05
2.562211e+05
2.549417e+05
3.658770e+05
3.381284e+05
3.237940e+05
3.270377e+05
3.011672e+05
2.986348e+05
4.209293e+05
3.876000e+05
3.873664e+05
3.664918e+05
3.620349e+05
3.691354e+05
4.917280e+05
4.855050e+05
4.575339e+05
4.280141e+05
4.128235e+05
4.066380e+05
5.868856e+05
5.505345e+05
4.969504e+05
4.937367e+05
4.845878e+05
4.615761e+05
