2.035665e+04
1.887242e+04
1.934108e+04
1.850141e+04
1.830426e+04
1.759853e+04
2.532868e+04
2.463414e+04
2.412984e+04
2.403442e+04
2.336236e+04
2.294106e+04
3.227867e+04
3.147906e+04
3.088980e+04
2.960473e+04
2.905704e+04
2.788504e+04
3.895154e+04
3.741430e+04
3.750866e+04
3.631563e+04
3.535414e+04
3.467227e+04
4.682151e+04
4.641525e+04
4.409312e+04
4.363848e+04
4.215160e+04
4.273151e+04
5.548936e+04
5.523546e+04
5.271447e+04
4.959829e+04
4.915686e+04
4.885532e+04
6.471755e+04
6.226085e+04
5.993723e+04
5.851951e+04
5.645579e+04
5.616310e+04
7.426737e+04
7.106283e+04
6.824485e+04
6.546673e+04
6.493283e+04
6.539806e+04
8.437744e+04
8.081027e+04
7.714711e+04
7.591326e+04
7.358501e+04
7.315223e+04
9.580003e+04
9.131975e+04
8.867723e+04
8.465625e+04
8.422794e+04
8.156321e+04
1.088850e+05
1.038313e+05
9.818184e+04
9.486670e+04
9.144155e+04
8.960035e+04
1.211787e+05
1.159403e+05
1.089018e+05
1.056729e+05
1.017402e+05
9.981208e+04
1.332016e+05
1.251633e+05
1.190578e+05
1.137949e+05
1.115437e+05
1.078905e+05
1.444393e+05
1.376155e+05
1.316456e+05
1.245094e+05
1.212852e+05
1.200103e+05
1.597244e+05
1.520594e+05
1.427021e+05
1.362238e+05
1.327981e+05
1.295689e+05
1.735949e+05
1.643312e+05
1.576281e+05
1.478243e+05
1.412791e+05
1.404775e+05
1.902712e+05
1.811687e+05
1.687855e+05
1.608625e+05
1.545500e+05
1.506539e+05
2.042476e+05
1.930273e+05
1.848465e+05
1.727662e+05
1.658103e+05
1.608977e+05
2.221027e+05
2.077598e+05
1.963589e+05
1.883565e+05
1.779254e+05
1.722096e+05
2.402540e+05
2.230348e+05
2.104113e+05
1.994695e+05
1.868095e+05
1.828459e+05
