5.547688e+04
5.378711e+04
5.243270e+04
5.272539e+04
5.092932e+04
5.434676e+04
8.929965e+04
8.486982e+04
8.822843e+04
8.596913e+04
8.316409e+04
7.742717e+04
1.340740e+05
1.253887e+05
1.228909e+05
1.227315e+05
1.195703e+05
1.122338e+05
1.785242e+05
1.776647e+05
1.702056e+05
1.645286e+05
1.567197e+05
1.522929e+05
2.349502e+05
2.212351e+05
2.081099e+05
2.145183e+05
2.035942e+05
1.983553e+05
3.129477e+05
2.882453e+05
2.633525e+05
2.521627e+05
2.463498e+05
2.289430e+05
3.643007e+05
3.342541e+05
3.133017e+05
3.052435e+05
2.888135e+05
2.949348e+05
4.364414e+05
4.023739e+05
4.025136e+05
3.630836e+05
3.579161e+05
3.528954e+05
5.072943e+05
4.715938e+05
4.567010e+05
4.264307e+05
4.118609e+05
4.142293e+05
6.211688e+05
5.477004e+05
5.303467e+05
5.147360e+05
4.942271e+05
4.706053e+05
