1.991898e+04
1.947218e+04
1.930549e+04
1.865434e+04
1.868805e+04
1.837728e+04
2.505382e+04
2.474174e+04
2.479865e+04
2.391420e+04
2.331968e+04
2.316109e+04
3.155569e+04
3.090229e+04
3.025518e+04
2.963748e+04
2.923075e+04
2.824191e+04
3.945213e+04
3.718502e+04
3.776149e+04
3.609580e+04
3.513988e+04
3.445265e+04
4.679881e+04
4.568288e+04
4.463780e+04
4.270728e+04
4.197253e+04
4.009043e+04
5.432889e+04
5.367962e+04
5.208217e+04
5.102585e+04
4.866735e+04
4.869183e+04
6.461406e+04
6.213032e+04
5.921991e+04
5.852854e+04
5.746452e+04
5.690621e+04
7.330071e+04
7.076474e+04
6.942357e+04
6.717405e+04
6.524625e+04
6.431023e+04
8.406943e+04
8.124941e+04
7.914293e+04
7.779277e+04
7.460982e+04
7.240377e+04
9.560284e+04
9.206780e+04
9.000131e+04
8.547695e+04
8.251692e+04
8.186606e+04
1.083493e+05
1.044549e+05
1.005529e+05
9.668987e+04
9.227234e+04
8.993750e+04
1.193852e+05
1.164968e+05
1.109130e+05
1.056417e+05
1.035434e+05
9.878019e+04
1.339183e+05
1.258710e+05
1.217579e+05
1.180390e+05
1.107913e+05
1.069290e+05
1.464907e+05
1.380818e+05
1.314990e+05
1.281754e+05
1.223270e+05
1.168349e+05
1.600723e+05
1.498261e+05
1.412773e+05
1.368769e+05
1.322699e+05
1.268782e+05
1.725917e+05
1.651093e+05
1.555814e+05
1.476722e+05
1.430227e+05
1.377714e+05
1.882291e+05
1.775848e+05
1.672152e+05
1.610060e+05
1.539219e+05
1.480146e+05
2.052108e+05
1.932959e+05
1.837104e+05
1.734664e+05
1.649472e+05
1.581980e+05
2.215280e+05
2.060989e+05
1.964967e+05
1.859472e+05
1.754395e+05
1.718320e+05
2.390151e+05
2.236365e+05
2.117647e+05
1.968671e+05
1.851494e+05
1.829913e+05
