5.951690e+04
5.588836e+04
5.725676e+04
5.443098e+04
5.213641e+04
5.314259e+04
9.706024e+04
9.271388e+04
8.678121e+04
8.651378e+04
8.037407e+04
8.249382e+04
1.388589e+05
1.320469e+05
1.241949e+05
1.188916e+05
1.191414e+05
1.153436e+05
1.918956e+05
1.778337e+05
1.640282e+05
1.644781e+05
1.605929e+05
1.624283e+05
2.398206e+05
2.187439e+05
2.090936e+05
2.161295e+05
2.081277e+05
2.050453e+05
3.058806e+05
2.937017e+05
2.624472e+05
2.573610e+05
2.502647e+05
2.600629e+05
3.763777e+05
3.521235e+05
3.206766e+05
3.197677e+05
3.050989e+05
3.009754e+05
4.342251e+05
4.142643e+05
3.924149e+05
3.651714e+05
3.591581e+05
3.546019e+05
5.195614e+05
4.795973e+05
4.604978e+05
4.169873e+05
4.160521e+05
4.070008e+05
5.978148e+05
5.529521e+05
5.317870e+05
5.032605e+05
4.519870e+05
4.547770e+05
