1.977097e+04
1.978052e+04
1.900343e+04
1.878142e+04
1.838991e+04
1.824432e+04
2.624738e+04
2.564389e+04
2.447103e+04
2.398813e+04
2.331809e+04
2.335008e+04
3.218597e+04
3.179653e+04
3.024429e+04
2.957833e+04
2.938089e+04
2.881500e+04
3.887515e+04
3.830094e+04
3.813681e+04
3.629148e+04
3.504199e+04
3.471725e+04
4.696648e+04
4.585026e+04
4.438668e+04
4.306066e+04
4.210516e+04
4.206695e+04
5.427120e+04
5.385775e+04
5.154275e+04
4.967815e+04
4.958827e+04
4.786146e+04
6.436982e+04
6.219621e+04
6.064889e+04
5.674675e+04
5.709491e+04
5.514922e+04
7.471966e+04
7.132851e+04
7.031323e+04
6.720678e+04
6.530509e+04
6.416685e+04
8.600633e+04
8.192585e+04
7.795710e+04
7.470424e+04
7.309806e+04
7.212877e+04
9.632423e+04
9.049049e+04
8.766390e+04
8.461357e+04
8.322588e+04
8.154210e+04
1.067367e+05
1.016249e+05
9.860704e+04
9.566583e+04
9.202985e+04
8.983568e+04
1.197720e+05
1.123175e+05
1.084633e+05
1.037138e+05
1.032846e+05
9.972969e+04
1.309192e+05
1.244110e+05
1.205201e+05
1.145842e+05
1.123002e+05
1.098170e+05
1.413312e+05
1.386418e+05
1.315298e+05
1.261566e+05
1.232526e+05
1.196334e+05
1.590928e+05
1.519545e+05
1.457388e+05
1.384622e+05
1.331047e+05
1.278927e+05
1.736270e+05
1.643015e+05
1.576081e+05
1.500140e+05
1.437805e+05
1.372864e+05
1.907783e+05
1.791675e+05
1.703733e+05
1.609597e+05
1.569926e+05
1.498177e+05
2.066041e+05
1.920854e+05
1.864868e+05
1.738357e+05
1.682341e+05
1.605805e+05
2.212015e+05
2.071365e+05
1.953899e+05
1.838766e+05
1.790681e+05
1.719409e+05
2.376333e+05
2.219615e+05
2.066197e+05
1.988484e+05
1.906956e+05
1.869193e+05
