1.983385e+04
1.889107e+04
1.887810e+04
1.868947e+04
1.829748e+04
1.811848e+04
2.573543e+04
2.525035e+04
2.489266e+04
2.388033e+04
2.376725e+04
2.285771e+04
3.185362e+04
3.136418e+04
3.036819e+04
2.973520e+04
2.871895e+04
2.892851e+04
3.926238e+04
3.826242e+04
3.804059e+04
3.712102e+04
3.483420e+04
3.506201e+04
4.764186e+04
4.728933e+04
4.516095e+04
4.359276e+04
4.181788e+04
4.135473e+04
5.504219e+04
5.410962e+04
5.254769e+04
5.044147e+04
4.955448e+04
4.816241e+04
6.529997e+04
6.264713e+04
6.089095e+04
5.813076e+04
5.695677e+04
5.575831e+04
7.258622e+04
7.132917e+04
7.012855e+04
6.782384e+04
6.436658e+04
6.350472e+04
8.343957e+04
8.172910e+04
7.878155e+04
7.550581e+04
7.392612e+04
7.170860e+04
9.540885e+04
9.356618e+04
8.827663e+04
8.481138e+04
8.396554e+04
8.103730e+04
1.062295e+05
1.039278e+05
9.891227e+04
9.483645e+04
9.137574e+04
9.174458e+04
1.206667e+05
1.157774e+05
1.079222e+05
1.055361e+05
1.016318e+05
1.011832e+05
1.317240e+05
1.269579e+05
1.206254e+05
1.141628e+05
1.116029e+05
1.090332e+05
1.476228e+05
1.377063e+05
1.323040e+05
1.265937e+05
1.211743e+05
1.198537e+05
1.600693e+05
1.525611e+05
1.435534e+05
1.360101e+05
1.318900e+05
1.312491e+05
1.754919e+05
1.666040e+05
1.563897e+05
1.477851e+05
1.415123e+05
1.400036e+05
1.888936e+05
1.801254e+05
1.683770e+05
1.608703e+05
1.550945e+05
1.486362e+05
2.058032e+05
1.928993e+05
1.821584e+05
1.725473e+05
1.647275e+05
1.610594e+05
2.235598e+05
2.119968e+05
1.936175e+05
1.833133e+05
1.779431e+05
1.718221e+05
2.404193e+05
2.232510e+05
2.122524e+05
1.979296e+05
1.897905e+05
1.823841e+05
