5.621494e+04
5.519849e+04
5.564303e+04
5.617631e+04
5.202576e+04
5.457296e+04
9.652828e+04
8.808824e+04
8.987547e+04
8.682273e+04
8.563274e+04
7.955210e+04
1.313222e+05
1.299725e+05
1.237620e+05
1.152215e+05
1.172439e+05
1.163369e+05
1.755133e+05
1.700770e+05
1.682436e+05
1.623988e+05
1.632086e+05
1.540073e+05
2.389886e+05
2.227533e+05
2.180970e+05
2.093543e+05
2.071756e+05
2.031764e+05
2.926680e+05
2.814158e+05
2.616693e+05
2.583258e+05
2.541475e+05
2.458694e+05
3.724007e+05
3.378843e+05
3.270161e+05
3.130635e+05
2.932203e+05
2.946923e+05
4.302613e+05
4.049552e+05
4.017071e+05
3.604679e+05
3.638497e+05
3.485749e+05
5.024528e+05
4.781615e+05
4.521755e+05
4.371641e+05
4.183187e+05
4.130023e+05
5.835577e+05
5.480998e+05
5.310656e+05
5.057420e+05
4.865289e+05
4.596623e+05
