1.501851e+04
1.462855e+04
1.440811e+04
1.381407e+04
1.394744e+04
1.394922e+04
2.376537e+04
2.345309e+04
2.276282e+04
2.213116e+04
2.236156e+04
2.193941e+04
3.427342e+04
3.137521e+04
3.190007e+04
3.150892e+04
3.013052e+04
3.046361e+04
4.471233e+04
4.336468e+04
4.197466e+04
4.321268e+04
4.165192e+04
4.143240e+04
6.062711e+04
5.723618e+04
5.562975e+04
5.518619e+04
5.463880e+04
5.206216e+04
7.427815e+04
7.122592e+04
6.912644e+04
6.837036e+04
6.450783e+04
6.428897e+04
9.300094e+04
8.773004e+04
8.521501e+04
8.110331e+04
7.546128e+04
7.512631e+04
1.105923e+05
1.014453e+05
1.033664e+05
9.264781e+04
8.926954e+04
8.775401e+04
1.269743e+05
1.227149e+05
1.156865e+05
1.084068e+05
1.084151e+05
1.031646e+05
1.559162e+05
1.366465e+05
1.349511e+05
1.309124e+05
1.198840e+05
1.182861e+05
