6.114729e+04
6.050821e+04
5.899056e+04
5.534825e+04
5.495777e+04
5.323741e+04
9.327054e+04
9.445616e+04
8.635869e+04
9.343558e+04
8.115832e+04
8.174101e+04
1.434649e+05
1.316431e+05
1.297037e+05
1.256514e+05
1.208686e+05
1.236880e+05
1.849320e+05
1.628136e+05
1.664728e+05
1.685072e+05
1.583651e+05
1.553440e+05
2.444357e+05
2.261241e+05
2.223629e+05
2.123494e+05
2.051564e+05
1.956119e+05
3.046196e+05
2.819216e+05
2.639655e+05
2.624636e+05
2.635065e+05
2.413115e+05
3.677319e+05
3.343075e+05
3.145344e+05
3.128719e+05
3.117360e+05
2.820712e+05
4.432314e+05
4.126392e+05
3.723894e+05
3.657496e+05
3.789200e+05
3.405337e+05
5.223164e+05
4.726362e+05
4.466108e+05
4.322756e+05
4.235241e+05
4.012278e+05
5.990975e+05
5.418656e+05
5.428123e+05
5.065824e+05
4.647570e+05
4.591288e+05
