5.743548e+04
6.203907e+04
5.716897e+04
5.379766e+04
5.138824e+04
5.103339e+04
9.315324e+04
8.817410e+04
9.066938e+04
8.146873e+04
8.049966e+04
8.473023e+04
1.375294e+05
1.313630e+05
1.270578e+05
1.222766e+05
1.200283e+05
1.123935e+05
1.820880e+05
1.749444e+05
1.676300e+05
1.682280e+05
1.648693e+05
1.595078e+05
2.354630e+05
2.286726e+05
2.223055e+05
2.174466e+05
2.040774e+05
2.005407e+05
2.868149e+05
2.778361e+05
2.707453e+05
2.622054e+05
2.561513e+05
2.492507e+05
3.522734e+05
3.495995e+05
3.253067e+05
3.187241e+05
3.049475e+05
3.004467e+05
4.398254e+05
4.209803e+05
4.069758e+05
3.810956e+05
3.697340e+05
3.514877e+05
5.277032e+05
4.867179e+05
4.567685e+05
4.417307e+05
4.252463e+05
4.210060e+05
6.164441e+05
5.633779e+05
5.284711e+05
5.017490e+05
4.853871e+05
4.812936e+05
