6.177921e+04
5.929065e+04
5.757445e+04
5.421193e+04
5.419412e+04
5.753202e+04
9.192900e+04
8.682933e+04
8.741093e+04
9.168280e+04
8.563288e+04
8.922904e+04
1.333270e+05
1.346318e+05
1.262691e+05
1.189688e+05
1.196256e+05
1.247246e+05
1.849543e+05
1.732340e+05
1.650131e+05
1.674962e+05
1.547766e+05
1.525374e+05
2.371385e+05
2.213863e+05
2.181364e+05
2.072916e+05
2.087873e+05
2.020977e+05
2.896351e+05
2.862327e+05
2.705091e+05
2.628982e+05
2.537632e+05
2.399550e+05
3.567867e+05
3.434721e+05
3.422871e+05
3.244445e+05
3.138418e+05
2.909897e+05
4.179752e+05
3.997478e+05
3.848811e+05
3.707668e+05
3.487830e+05
3.610276e+05
4.883932e+05
4.835652e+05
4.612732e+05
4.380907e+05
4.214729e+05
4.206996e+05
5.850294e+05
5.443569e+05
5.253886e+05
4.914006e+05
4.770716e+05
4.537653e+05
