1.971233e+04
1.919836e+04
1.896217e+04
1.886198e+04
1.848278e+04
1.792508e+04
2.556733e+04
2.506955e+04
2.435073e+04
2.415309e+04
2.359610e+04
2.315512e+04
3.308381e+04
3.167313e+04
3.022760e+04
3.032720e+04
2.903278e+04
2.878058e+04
4.007381e+04
3.730722e+04
3.670046e+04
3.755905e+04
3.526802e+04
3.510074e+04
4.764219e+04
4.544821e+04
4.440447e+04
4.286349e+04
4.230928e+04
4.230616e+04
5.567946e+04
5.375986e+04
5.041775e+04
5.094839e+04
4.961417e+04
4.876106e+04
6.368898e+04
6.206690e+04
6.056448e+04
5.835933e+04
5.584658e+04
5.700737e+04
7.460648e+04
7.187289e+04
6.965647e+04
6.666442e+04
6.481170e+04
6.375790e+04
8.493025e+04
8.139092e+04
7.744135e+04
7.573020e+04
7.217701e+04
7.145744e+04
9.611851e+04
9.203577e+04
8.859630e+04
8.508095e+04
8.147249e+04
7.983497e+04
1.087773e+05
1.015864e+05
9.947230e+04
9.419702e+04
9.044537e+04
9.035286e+04
1.194976e+05
1.156861e+05
1.081737e+05
1.042381e+05
1.006599e+05
1.005287e+05
1.356174e+05
1.274038e+05
1.209705e+05
1.151282e+05
1.102102e+05
1.082902e+05
1.454925e+05
1.360517e+05
1.322409e+05
1.263976e+05
1.211550e+05
1.171735e+05
1.601424e+05
1.516944e+05
1.444940e+05
1.361604e+05
1.323225e+05
1.274364e+05
1.766734e+05
1.644726e+05
1.579248e+05
1.493058e+05
1.425247e+05
1.378873e+05
1.907449e+05
1.787238e+05
1.672840e+05
1.602693e+05
1.545553e+05
1.483289e+05
2.076434e+05
1.915441e+05
1.810858e+05
1.728593e+05
1.648586e+05
1.592084e+05
2.236231e+05
2.091571e+05
1.957485e+05
1.864374e+05
1.757943e+05
1.722907e+05
2.381125e+05
2.205352e+05
2.090336e+05
2.015558e+05
1.912167e+05
1.851569e+05
