6.194441e+04
5.911180e+04
5.593399e+04
5.564665e+04
5.356163e+04
5.266591e+04
9.449918e+04
9.078351e+04
8.793068e+04
8.307113e+04
8.161903e+04
8.564423e+04
1.342608e+05
1.336271e+05
1.323671e+05
1.249909e+05
1.202521e+05
1.172021e+05
1.800657e+05
1.687821e+05
1.722050e+05
1.663391e+05
1.606660e+05
1.624705e+05
2.323111e+05
2.335331e+05
2.177567e+05
2.160983e+05
2.019104e+05
2.070857e+05
2.902487e+05
2.878005e+05
2.933869e+05
2.622518e+05
2.596098e+05
2.466766e+05
3.528309e+05
3.454175e+05
3.323649e+05
3.293017e+05
3.103444e+05
3.031836e+05
4.073199e+05
4.046413e+05
3.900556e+05
3.719836e+05
3.678046e+05
3.565133e+05
4.986072e+05
4.714705e+05
4.596162e+05
4.389015e+05
4.308580e+05
4.115279e+05
5.917477e+05
5.694248e+05
5.213906e+05
5.039213e+05
4.811145e+05
4.826952e+05
