5.800738e+04
5.859161e+04
5.755402e+04
5.656829e+04
5.254146e+04
5.130644e+04
9.550975e+04
8.735879e+04
8.793933e+04
8.692960e+04
7.982100e+04
8.260216e+04
1.346564e+05
1.300145e+05
1.271154e+05
1.235478e+05
1.128183e+05
1.126959e+05
1.816388e+05
1.726475e+05
1.672711e+05
1.581780e+05
1.599497e+05
1.610561e+05
2.269746e+05
2.197790e+05
2.092393e+05
2.028100e+05
2.101569e+05
1.998020e+05
2.915809e+05
2.886468e+05
2.690904e+05
2.584848e+05
2.519412e+05
2.563620e+05
3.616912e+05
3.443780e+05
3.299297e+05
3.181319e+05
3.141623e+05
3.110314e+05
4.546966e+05
4.044639e+05
3.893669e+05
3.912132e+05
3.602011e+05
3.552108e+05
5.099175e+05
4.789634e+05
4.555910e+05
4.445218e+05
4.346818e+05
4.242294e+05
6.111967e+05
5.627044e+05
5.389376e+05
4.980892e+05
4.970061e+05
4.786464e+05
