5.663949e+04
6.368051e+04
5.763830e+04
5.640500e+04
5.355879e+04
5.420410e+04
9.511861e+04
8.798462e+04
9.131794e+04
8.856402e+04
8.660574e+04
8.425508e+04
1.336246e+05
1.304050e+05
1.279717e+05
1.247549e+05
1.169317e+05
1.217558e+05
1.719268e+05
1.811492e+05
1.741024e+05
1.659344e+05
1.615430e+05
1.626835e+05
2.332655e+05
2.187509e+05
2.189558e+05
2.110627e+05
2.066624e+05
2.028451e+05
2.979679e+05
2.876173e+05
2.654312e+05
2.616351e+05
2.606508e+05
2.492701e+05
3.628472e+05
3.431322e+05
3.300405e+05
3.234474e+05
3.058425e+05
3.147720e+05
4.366574e+05
4.085442e+05
3.872881e+05
3.796308e+05
3.491138e+05
3.633810e+05
5.230251e+05
4.806767e+05
4.430375e+05
4.472956e+05
3.999521e+05
4.156598e+05
5.956103e+05
5.672456e+05
5.247115e+05
5.076617e+05
4.688254e+05
4.621303e+05
