2.019307e+04
2.016106e+04
1.916449e+04
1.904132e+04
1.861239e+04
1.774984e+04
2.591313e+04
2.526787e+04
2.506936e+04
2.325581e+04
2.313050e+04
2.257794e+04
3.233765e+04
3.138861e+04
3.016370e+04
2.973184e+04
2.886332e+04
2.966181e+04
3.968127e+04
3.805677e+04
3.626659e+04
3.567649e+04
3.505651e+04
3.558758e+04
4.676211e+04
4.537167e+04
4.390340e+04
4.339872e+04
4.199139e+04
4.162730e+04
5.537601e+04
5.287428e+04
5.194886e+04
5.082845e+04
4.931951e+04
4.927767e+04
6.601751e+04
6.199189e+04
6.125888e+04
5.891656e+04
5.697669e+04
5.686201e+04
7.490587e+04
7.204222e+04
6.787140e+04
6.691268e+04
6.482682e+04
6.474265e+04
8.606002e+04
8.114158e+04
7.915233e+04
7.563981e+04
7.428473e+04
7.204627e+04
9.768481e+04
9.215821e+04
8.847723e+04
8.386273e+04
8.275214e+04
8.117530e+04
1.071006e+05
1.034301e+05
1.007036e+05
9.475158e+04
9.189717e+04
8.910481e+04
1.212972e+05
1.139212e+05
1.090516e+05
1.033601e+05
1.007240e+05
1.003953e+05
1.345492e+05
1.245889e+05
1.196211e+05
1.155156e+05
1.107061e+05
1.076257e+05
1.484560e+05
1.381353e+05
1.317152e+05
1.270163e+05
1.207201e+05
1.187150e+05
1.599317e+05
1.514478e+05
1.434281e+05
1.372165e+05
1.291438e+05
1.275383e+05
1.758066e+05
1.639777e+05
1.572386e+05
1.511083e+05
1.419915e+05
1.383155e+05
1.911592e+05
1.785281e+05
1.693070e+05
1.612053e+05
1.544441e+05
1.500965e+05
2.056665e+05
1.930692e+05
1.823626e+05
1.739088e+05
1.681187e+05
1.616286e+05
2.199284e+05
2.075902e+05
1.948608e+05
1.859096e+05
1.792411e+05
1.730741e+05
2.404424e+05
2.247161e+05
2.083088e+05
2.012285e+05
1.899551e+05
1.840846e+05
