2.009541e+04
1.912935e+04
1.833464e+04
1.849130e+04
1.857551e+04
1.821118e+04
2.565853e+04
2.481942e+04
2.485033e+04
2.433386e+04
2.390188e+04
2.350424e+04
3.270176e+04
3.093160e+04
3.002767e+04
3.030932e+04
2.916561e+04
2.916610e+04
3.898279e+04
3.805436e+04
3.689908e+04
3.685387e+04
3.629558e+04
3.484764e+04
4.688312e+04
4.545178e+04
4.341641e+04
4.321476e+04
4.219347e+04
4.123815e+04
5.569021e+04
5.315365e+04
5.143999e+04
5.061176e+04
4.937737e+04
4.883718e+04
6.488276e+04
6.200174e+04
6.006480e+04
5.816548e+04
5.763673e+04
5.672021e+04
7.569339e+04
7.262561e+04
6.980009e+04
6.628173e+04
6.533817e+04
6.357472e+04
8.554215e+04
8.285958e+04
7.881247e+04
7.634307e+04
7.447361e+04
7.208230e+04
9.730038e+04
9.312272e+04
8.936311e+04
8.572074e+04
8.225901e+04
8.028255e+04
1.093315e+05
1.028649e+05
9.812128e+04
9.480715e+04
9.143073e+04
8.933414e+04
1.206934e+05
1.151701e+05
1.091216e+05
1.039360e+05
1.017021e+05
1.002609e+05
1.351276e+05
1.258049e+05
1.210757e+05
1.145335e+05
1.110986e+05
1.099600e+05
1.462161e+05
1.389358e+05
1.302611e+05
1.249174e+05
1.220796e+05
1.201386e+05
1.582754e+05
1.476299e+05
1.445717e+05
1.341207e+05
1.319420e+05
1.300829e+05
1.722504e+05
1.594174e+05
1.563368e+05
1.482200e+05
1.433386e+05
1.394708e+05
1.893430e+05
1.772414e+05
1.682199e+05
1.590785e+05
1.535979e+05
1.499937e+05
2.044258e+05
1.885214e+05
1.815052e+05
1.731153e+05
1.659413e+05
1.616925e+05
2.193759e+05
2.063797e+05
1.967713e+05
1.872688e+05
1.766043e+05
1.737931e+05
2.377422e+05
2.195765e+05
2.107104e+05
1.997493e+05
1.887909e+05
1.841926e+05
