5.963750e+04
5.733058e+04
5.914066e+04
5.496082e+04
5.359612e+04
5.501605e+04
9.272351e+04
8.590693e+04
9.013920e+04
8.695965e+04
8.316083e+04
8.427609e+04
1.350846e+05
1.235133e+05
1.230361e+05
1.247858e+05
1.200116e+05
1.148513e+05
1.794956e+05
1.665092e+05
1.630517e+05
1.670895e+05
1.586693e+05
1.562893e+05
2.251783e+05
2.293940e+05
2.189428e+05
2.145766e+05
2.102516e+05
2.027501e+05
2.935537e+05
2.758456e+05
2.668405e+05
2.635544e+05
2.473038e+05
2.477001e+05
3.682902e+05
3.427802e+05
3.282258e+05
3.276087e+05
3.077703e+05
2.994599e+05
4.366845e+05
4.120665e+05
3.925211e+05
3.798869e+05
3.642867e+05
3.548214e+05
5.100391e+05
4.843980e+05
4.654324e+05
4.343366e+05
4.338501e+05
4.191737e+05
5.944621e+05
5.500679e+05
5.392715e+05
4.921139e+05
4.941804e+05
4.637302e+05
