5.479443e+04
5.916254e+04
5.999315e+04
5.436897e+04
5.623034e+04
5.478415e+04
9.548778e+04
8.934038e+04
8.443843e+04
8.675258e+04
8.637882e+04
8.620507e+04
1.367463e+05
1.315892e+05
1.321300e+05
1.192857e+05
1.201698e+05
1.236642e+05
1.814071e+05
1.750186e+05
1.637821e+05
1.630475e+05
1.604776e+05
1.582235e+05
2.331268e+05
2.237488e+05
2.073980e+05
2.107700e+05
1.955691e+05
2.041205e+05
2.850569e+05
2.742735e+05
2.594554e+05
2.579644e+05
2.365310e+05
2.445946e+05
3.632052e+05
3.398362e+05
3.290542e+05
3.137622e+05
2.936812e+05
2.830915e+05
4.505432e+05
4.182684e+05
3.885078e+05
3.719232e+05
3.500026e+05
3.382911e+05
5.286488e+05
5.005028e+05
4.592196e+05
4.344451e+05
4.094147e+05
4.009300e+05
6.430992e+05
5.600012e+05
5.222216e+05
4.906244e+05
4.725037e+05
4.743645e+05
