1.978957e+06
1.933923e+06
1.899346e+06
1.865425e+06
1.838541e+06
1.817890e+06
2.561362e+06
2.490785e+06
2.439351e+06
2.395493e+06
2.352967e+06
2.324706e+06
3.204399e+06
3.106554e+06
3.042813e+06
2.975109e+06
2.922043e+06
2.894668e+06
3.912805e+06
3.794139e+06
3.709657e+06
3.621211e+06
3.548665e+06
3.512974e+06
4.707793e+06
4.550430e+06
4.415634e+06
4.312171e+06
4.214172e+06
4.183363e+06
5.555156e+06
5.354157e+06
5.191629e+06
5.045629e+06
4.945843e+06
4.866253e+06
6.469942e+06
6.218155e+06
6.017044e+06
5.845473e+06
5.698384e+06
5.616856e+06
7.445067e+06
7.143503e+06
6.894370e+06
6.683427e+06
6.505798e+06
6.395583e+06
8.491107e+06
8.122701e+06
7.828503e+06
7.590796e+06
7.354790e+06
7.211168e+06
9.599019e+06
9.152398e+06
8.824712e+06
8.539110e+06
8.246076e+06
8.064974e+06
1.077417e+07
1.026660e+07
9.842525e+06
9.495571e+06
9.177216e+06
8.972140e+06
1.199372e+07
1.138790e+07
1.090672e+07
1.049997e+07
1.014840e+07
9.910286e+06
1.326360e+07
1.258180e+07
1.203093e+07
1.154369e+07
1.115482e+07
1.087663e+07
1.459921e+07
1.380757e+07
1.318680e+07
1.262696e+07
1.217587e+07
1.187715e+07
1.600512e+07
1.510649e+07
1.440966e+07
1.373972e+07
1.324817e+07
1.291012e+07
1.744969e+07
1.643245e+07
1.561670e+07
1.490728e+07
1.430712e+07
1.396500e+07
1.893559e+07
1.782476e+07
1.687974e+07
1.609585e+07
1.545120e+07
1.504027e+07
2.051493e+07
1.922687e+07
1.820447e+07
1.728650e+07
1.658889e+07
1.612248e+07
2.212822e+07
2.072484e+07
1.958696e+07
1.854945e+07
1.776669e+07
1.728147e+07
2.380785e+07
2.225797e+07
2.090828e+07
1.985139e+07
1.895021e+07
1.837432e+07
