1.502979e+04
1.511224e+04
1.495409e+04
1.329798e+04
1.332221e+04
1.390611e+04
2.314672e+04
2.280159e+04
2.215429e+04
2.191012e+04
2.059405e+04
2.098968e+04
3.278134e+04
3.266229e+04
3.138582e+04
2.939960e+04
3.097559e+04
3.002018e+04
4.468715e+04
4.563367e+04
4.212046e+04
3.940309e+04
4.012400e+04
3.987069e+04
6.097725e+04
5.722558e+04
5.453619e+04
5.400448e+04
5.400230e+04
5.006892e+04
7.864797e+04
7.104782e+04
6.792534e+04
6.603372e+04
6.273892e+04
6.256605e+04
9.420298e+04
8.523878e+04
8.564973e+04
7.873007e+04
7.694970e+04
7.644491e+04
1.178408e+05
1.046909e+05
9.877852e+04
9.453860e+04
8.994706e+04
8.945042e+04
1.360796e+05
1.216412e+05
1.173181e+05
1.084691e+05
1.073875e+05
1.026200e+05
1.574512e+05
1.414210e+05
1.350918e+05
1.276455e+05
1.225857e+05
1.212203e+05
