1.997953e+04
1.964619e+04
1.892073e+04
1.885729e+04
1.818568e+04
1.776884e+04
2.630585e+04
2.508134e+04
2.442592e+04
2.408476e+04
2.307799e+04
2.294727e+04
3.249919e+04
3.113136e+04
3.056010e+04
3.064604e+04
2.934403e+04
2.883769e+04
3.898991e+04
3.773451e+04
3.701231e+04
3.564689e+04
3.577392e+04
3.479339e+04
4.733352e+04
4.633573e+04
4.426799e+04
4.265635e+04
4.236952e+04
4.122753e+04
5.570814e+04
5.370444e+04
5.133863e+04
5.057614e+04
5.110308e+04
4.910262e+04
6.502635e+04
6.253480e+04
5.966841e+04
5.870097e+04
5.691140e+04
5.594073e+04
7.387576e+04
7.190316e+04
6.829287e+04
6.694840e+04
6.510006e+04
6.459191e+04
8.366720e+04
8.128469e+04
7.860980e+04
7.708950e+04
7.304957e+04
7.289319e+04
9.444743e+04
9.135287e+04
8.849291e+04
8.724413e+04
8.346845e+04
7.925970e+04
1.057848e+05
1.018441e+05
9.642542e+04
9.610570e+04
9.272873e+04
9.044169e+04
1.187038e+05
1.125349e+05
1.071865e+05
1.055371e+05
1.024786e+05
9.970878e+04
1.326013e+05
1.255631e+05
1.201713e+05
1.156812e+05
1.110644e+05
1.103027e+05
1.454338e+05
1.366504e+05
1.325115e+05
1.267179e+05
1.193511e+05
1.201428e+05
1.600633e+05
1.484724e+05
1.466929e+05
1.360093e+05
1.321906e+05
1.302407e+05
1.752709e+05
1.647426e+05
1.549655e+05
1.503501e+05
1.442599e+05
1.392101e+05
1.877114e+05
1.750859e+05
1.692668e+05
1.614231e+05
1.539388e+05
1.510763e+05
2.061691e+05
1.917231e+05
1.803254e+05
1.709640e+05
1.643785e+05
1.625102e+05
2.207142e+05
2.076234e+05
1.962682e+05
1.852389e+05
1.787907e+05
1.754980e+05
2.379197e+05
2.199157e+05
2.116136e+05
1.968802e+05
1.887693e+05
1.829491e+05
