5.839188e+04
5.936068e+04
5.891936e+04
5.243208e+04
5.383106e+04
5.352505e+04
9.879871e+04
9.182066e+04
8.898352e+04
8.612734e+04
8.252924e+04
8.158422e+04
1.366154e+05
1.257299e+05
1.194364e+05
1.167637e+05
1.154929e+05
1.182667e+05
1.778045e+05
1.778181e+05
1.643677e+05
1.557985e+05
1.532784e+05
1.605548e+05
2.438794e+05
2.318639e+05
2.146420e+05
2.115277e+05
1.998446e+05
1.915550e+05
3.025212e+05
2.748343e+05
2.771833e+05
2.610490e+05
2.486435e+05
2.515422e+05
3.825085e+05
3.482570e+05
3.346698e+05
3.162370e+05
2.996495e+05
2.897686e+05
4.274998e+05
4.055029e+05
3.897351e+05
3.747905e+05
3.529288e+05
3.354205e+05
5.179418e+05
4.670678e+05
4.737630e+05
4.503787e+05
4.150832e+05
4.235988e+05
5.819340e+05
5.595370e+05
5.368950e+05
5.143059e+05
4.865195e+05
4.643015e+05
