5.915530e+04
6.254570e+04
5.857959e+04
5.537645e+04
5.442915e+04
5.124315e+04
9.673052e+04
9.668715e+04
9.034697e+04
9.049267e+04
8.725002e+04
9.024738e+04
1.422617e+05
1.295333e+05
1.250939e+05
1.223888e+05
1.188756e+05
1.210452e+05
1.956235e+05
1.802853e+05
1.701485e+05
1.661053e+05
1.612926e+05
1.524858e+05
2.346341e+05
2.196713e+05
2.216536e+05
2.107624e+05
2.005940e+05
1.893731e+05
3.012928e+05
2.876487e+05
2.787079e+05
2.636114e+05
2.560349e+05
2.376087e+05
3.558096e+05
3.465442e+05
3.325718e+05
3.291714e+05
3.009134e+05
2.843919e+05
4.383346e+05
4.076646e+05
4.062888e+05
3.740196e+05
3.544234e+05
3.450775e+05
4.995854e+05
4.881934e+05
4.648190e+05
4.325523e+05
3.946515e+05
3.994858e+05
6.195172e+05
5.653823e+05
5.326295e+05
5.217028e+05
4.660085e+05
4.490043e+05
