5.665144e+04
5.417259e+04
5.881407e+04
5.210606e+04
5.514747e+04
5.556300e+04
9.868768e+04
8.462342e+04
8.488089e+04
8.192827e+04
8.234688e+04
8.625762e+04
1.349122e+05
1.314937e+05
1.227735e+05
1.204523e+05
1.290380e+05
1.254894e+05
1.826278e+05
1.808223e+05
1.649528e+05
1.631091e+05
1.632165e+05
1.603906e+05
2.431786e+05
2.266572e+05
2.224059e+05
2.109888e+05
2.102889e+05
2.067710e+05
3.072108e+05
2.858312e+05
2.775036e+05
2.671406e+05
2.626612e+05
2.474712e+05
3.709929e+05
3.494940e+05
3.355586e+05
3.145669e+05
3.064164e+05
3.011255e+05
4.472515e+05
4.064796e+05
4.104679e+05
3.985559e+05
3.523519e+05
3.402392e+05
5.244237e+05
4.828044e+05
4.582268e+05
4.448346e+05
4.164797e+05
4.060006e+05
6.193728e+05
5.675187e+05
5.289920e+05
5.021367e+05
4.732568e+05
4.477072e+05
