1.937540e+04
1.959260e+04
1.921060e+04
1.885607e+04
1.794973e+04
1.815155e+04
2.582697e+04
2.477700e+04
2.436004e+04
2.358607e+04
2.317242e+04
2.310057e+04
3.199077e+04
3.118973e+04
3.038913e+04
2.938732e+04
2.855742e+04
2.877841e+04
3.975721e+04
3.798063e+04
3.712030e+04
3.600537e+04
3.497078e+04
3.439265e+04
4.850218e+04
4.519861e+04
4.435214e+04
4.282247e+04
4.101637e+04
4.054772e+04
5.471332e+04
5.346345e+04
5.291274e+04
5.106362e+04
4.871028e+04
4.778126e+04
6.460253e+04
6.319181e+04
5.980912e+04
5.801166e+04
5.544753e+04
5.489022e+04
7.485735e+04
7.187964e+04
6.818869e+04
6.613224e+04
6.366658e+04
6.332595e+04
8.472663e+04
7.980890e+04
7.896597e+04
7.510395e+04
7.201698e+04
7.161119e+04
9.561610e+04
9.156677e+04
8.869234e+04
8.610685e+04
8.013976e+04
7.991223e+04
1.101174e+05
1.014400e+05
9.945858e+04
9.482210e+04
8.936169e+04
8.885376e+04
1.195473e+05
1.129378e+05
1.094756e+05
1.038070e+05
9.948189e+04
9.654878e+04
1.344266e+05
1.238372e+05
1.198310e+05
1.157566e+05
1.098262e+05
1.072973e+05
1.455966e+05
1.343991e+05
1.294185e+05
1.252788e+05
1.212889e+05
1.191997e+05
1.600897e+05
1.505866e+05
1.434005e+05
1.364326e+05
1.304567e+05
1.288707e+05
1.753921e+05
1.625838e+05
1.542446e+05
1.497286e+05
1.418529e+05
1.408825e+05
1.898716e+05
1.766097e+05
1.683636e+05
1.611932e+05
1.524698e+05
1.513136e+05
2.035742e+05
1.926345e+05
1.822680e+05
1.723967e+05
1.644828e+05
1.626457e+05
2.177148e+05
2.103575e+05
1.964906e+05
1.870937e+05
1.798537e+05
1.741259e+05
2.387101e+05
2.218391e+05
2.083800e+05
1.975598e+05
1.925040e+05
1.874758e+05
