5.881387e+04
5.773353e+04
5.787093e+04
5.207084e+04
5.495417e+04
5.535590e+04
8.815240e+04
8.960437e+04
9.118003e+04
8.853741e+04
8.212963e+04
8.099136e+04
1.375597e+05
1.296164e+05
1.269077e+05
1.239145e+05
1.236873e+05
1.207068e+05
1.886361e+05
1.675023e+05
1.612346e+05
1.664612e+05
1.572449e+05
1.557379e+05
2.377602e+05
2.204677e+05
2.131635e+05
2.090781e+05
2.071616e+05
1.991974e+05
3.059984e+05
2.817065e+05
2.718648e+05
2.699016e+05
2.522538e+05
2.461843e+05
3.574426e+05
3.468481e+05
3.321114e+05
3.085169e+05
2.924830e+05
2.976615e+05
4.267925e+05
4.072361e+05
3.860786e+05
3.766550e+05
3.602071e+05
3.496864e+05
4.865754e+05
4.895145e+05
4.584737e+05
4.326772e+05
4.059838e+05
3.981519e+05
5.982934e+05
5.610729e+05
5.445185e+05
4.918836e+05
4.628077e+05
4.586114e+05
