1.966591e+04
1.968660e+04
1.884494e+04
1.883705e+04
1.828367e+04
1.825632e+04
2.493306e+04
2.507816e+04
2.478760e+04
2.373690e+04
2.331494e+04
2.335868e+04
3.197194e+04
3.117142e+04
3.071455e+04
3.023437e+04
2.942583e+04
2.891818e+04
3.878739e+04
3.752517e+04
3.671216e+04
3.593741e+04
3.618555e+04
3.491125e+04
4.631535e+04
4.529299e+04
4.440826e+04
4.300988e+04
4.203722e+04
4.243292e+04
5.611459e+04
5.367700e+04
5.267785e+04
5.021771e+04
4.881959e+04
4.888025e+04
6.446014e+04
6.097844e+04
5.995657e+04
5.861147e+04
5.593513e+04
5.739852e+04
7.395601e+04
7.068155e+04
6.780309e+04
6.523246e+04
6.526163e+04
6.465398e+04
8.635759e+04
8.254506e+04
7.773646e+04
7.541049e+04
7.286498e+04
7.409411e+04
9.665682e+04
9.291049e+04
8.679027e+04
8.449769e+04
8.250490e+04
8.217901e+04
1.098721e+05
1.039438e+05
9.823746e+04
9.495360e+04
9.225837e+04
9.181252e+04
1.222694e+05
1.147283e+05
1.084755e+05
1.043190e+05
1.021858e+05
9.971478e+04
1.336991e+05
1.270077e+05
1.202202e+05
1.151264e+05
1.114059e+05
1.109385e+05
1.461835e+05
1.362455e+05
1.304012e+05
1.237046e+05
1.211238e+05
1.211796e+05
1.609147e+05
1.497109e+05
1.394778e+05
1.354833e+05
1.326536e+05
1.324043e+05
1.739527e+05
1.667687e+05
1.565366e+05
1.473317e+05
1.437574e+05
1.432010e+05
1.855872e+05
1.790909e+05
1.684351e+05
1.595405e+05
1.543105e+05
1.539214e+05
2.044396e+05
1.924429e+05
1.825803e+05
1.712895e+05
1.627570e+05
1.621922e+05
2.228832e+05
2.107896e+05
1.960594e+05
1.855904e+05
1.774457e+05
1.726307e+05
2.383101e+05
2.218036e+05
2.082997e+05
2.002219e+05
1.858740e+05
1.820609e+05
