1.999915e+04
1.930884e+04
1.935228e+04
1.898370e+04
1.883052e+04
1.871487e+04
2.603947e+04
2.434353e+04
2.501848e+04
2.453531e+04
2.431024e+04
2.360240e+04
3.236989e+04
3.146661e+04
3.075605e+04
3.000686e+04
2.978835e+04
2.901849e+04
3.908809e+04
3.757197e+04
3.726510e+04
3.629411e+04
3.524992e+04
3.470860e+04
4.737618e+04
4.545578e+04
4.410298e+04
4.278235e+04
4.263786e+04
4.112254e+04
5.555585e+04
5.414401e+04
5.209208e+04
5.019742e+04
4.912223e+04
4.891550e+04
6.512180e+04
6.237060e+04
5.997390e+04
5.838550e+04
5.756065e+04
5.554623e+04
7.398202e+04
7.220887e+04
6.828630e+04
6.716129e+04
6.638767e+04
6.290578e+04
8.410059e+04
8.046512e+04
7.830116e+04
7.540962e+04
7.436592e+04
7.159167e+04
9.577446e+04
9.232396e+04
8.988149e+04
8.523174e+04
8.234714e+04
8.129870e+04
1.057534e+05
1.018603e+05
9.954906e+04
9.419406e+04
9.118654e+04
9.085742e+04
1.209773e+05
1.127136e+05
1.077952e+05
1.055248e+05
1.019892e+05
9.919383e+04
1.327147e+05
1.261469e+05
1.205616e+05
1.174552e+05
1.110185e+05
1.079323e+05
1.457107e+05
1.375086e+05
1.320080e+05
1.254005e+05
1.228022e+05
1.179981e+05
1.581967e+05
1.514997e+05
1.460585e+05
1.393227e+05
1.322896e+05
1.263270e+05
1.755971e+05
1.647375e+05
1.554566e+05
1.501924e+05
1.454779e+05
1.366818e+05
1.890343e+05
1.783002e+05
1.683613e+05
1.586313e+05
1.534291e+05
1.512755e+05
2.055251e+05
1.929344e+05
1.830202e+05
1.712302e+05
1.654092e+05
1.611976e+05
2.221876e+05
2.088941e+05
1.984680e+05
1.842388e+05
1.769301e+05
1.747071e+05
2.401405e+05
2.227451e+05
2.123870e+05
1.961459e+05
1.876466e+05
1.835698e+05
