2.041347e+04
1.918285e+04
1.900757e+04
1.876028e+04
1.854230e+04
1.798853e+04
2.592243e+04
2.459111e+04
2.417286e+04
2.362475e+04
2.283047e+04
2.315475e+04
3.222930e+04
3.097126e+04
3.085996e+04
3.023062e+04
2.939156e+04
2.970286e+04
3.840259e+04
3.861144e+04
3.803202e+04
3.660632e+04
3.597333e+04
3.518290e+04
4.709564e+04
4.558646e+04
4.491184e+04
4.302728e+04
4.202480e+04
4.216443e+04
5.534883e+04
5.403953e+04
5.262649e+04
5.090901e+04
5.013321e+04
4.895857e+04
6.522138e+04
6.239904e+04
6.071595e+04
5.804046e+04
5.656126e+04
5.519901e+04
7.447833e+04
7.187624e+04
7.022778e+04
6.700055e+04
6.419873e+04
6.332094e+04
8.526897e+04
8.141362e+04
7.907420e+04
7.632614e+04
7.315866e+04
7.066615e+04
9.634924e+04
9.248846e+04
8.814739e+04
8.582211e+04
8.244289e+04
7.956694e+04
1.083096e+05
1.015450e+05
9.832689e+04
9.599530e+04
9.244310e+04
8.757408e+04
1.202833e+05
1.134260e+05
1.084413e+05
1.042531e+05
1.025958e+05
9.612974e+04
1.319910e+05
1.257004e+05
1.197934e+05
1.140611e+05
1.108002e+05
1.077066e+05
1.481354e+05
1.389584e+05
1.311881e+05
1.255349e+05
1.225920e+05
1.171905e+05
1.603974e+05
1.513068e+05
1.448581e+05
1.373314e+05
1.313411e+05
1.304752e+05
1.754269e+05
1.637482e+05
1.560260e+05
1.482293e+05
1.428343e+05
1.390030e+05
1.868342e+05
1.775525e+05
1.699898e+05
1.586989e+05
1.529804e+05
1.522982e+05
2.046021e+05
1.926788e+05
1.836296e+05
1.715993e+05
1.663464e+05
1.631999e+05
2.203365e+05
2.077969e+05
1.956607e+05
1.825477e+05
1.786825e+05
1.753848e+05
2.362783e+05
2.237331e+05
2.077837e+05
1.985212e+05
1.889400e+05
1.852063e+05
