1.961188e+04
1.948812e+04
1.906751e+04
1.823861e+04
1.844687e+04
1.803849e+04
2.530013e+04
2.519438e+04
2.416979e+04
2.392056e+04
2.401632e+04
2.327100e+04
3.262754e+04
3.163397e+04
2.979031e+04
2.966251e+04
2.926486e+04
2.881620e+04
3.915121e+04
3.813668e+04
3.713440e+04
3.607732e+04
3.504482e+04
3.516766e+04
4.681597e+04
4.642389e+04
4.475548e+04
4.258497e+04
4.178883e+04
4.165704e+04
5.547994e+04
5.369244e+04
5.195407e+04
5.032292e+04
4.991548e+04
4.809373e+04
6.389922e+04
6.224122e+04
6.000243e+04
5.927552e+04
5.633762e+04
5.577475e+04
7.379162e+04
7.077040e+04
6.973497e+04
6.744042e+04
6.514583e+04
6.434338e+04
8.531145e+04
7.981246e+04
7.701542e+04
7.646959e+04
7.335864e+04
7.169832e+04
9.651410e+04
9.026784e+04
8.631852e+04
8.600604e+04
8.333923e+04
7.885676e+04
1.070887e+05
1.018957e+05
9.800718e+04
9.412151e+04
9.147067e+04
8.953240e+04
1.202192e+05
1.155699e+05
1.091169e+05
1.038592e+05
1.013117e+05
9.903974e+04
1.325940e+05
1.272116e+05
1.222689e+05
1.156670e+05
1.131858e+05
1.094330e+05
1.476815e+05
1.409790e+05
1.333594e+05
1.251403e+05
1.232220e+05
1.202482e+05
1.603365e+05
1.529270e+05
1.428251e+05
1.369919e+05
1.325172e+05
1.322806e+05
1.756452e+05
1.663950e+05
1.574445e+05
1.493471e+05
1.419996e+05
1.403326e+05
1.905993e+05
1.806041e+05
1.707550e+05
1.630868e+05
1.547124e+05
1.527073e+05
2.069389e+05
1.917777e+05
1.813593e+05
1.734205e+05
1.656265e+05
1.625270e+05
2.229636e+05
2.117813e+05
1.993781e+05
1.870662e+05
1.790319e+05
1.741779e+05
2.371334e+05
2.255944e+05
2.107171e+05
1.983005e+05
1.923678e+05
1.839369e+05
