1.987305e+04
1.935829e+04
1.905491e+04
1.874498e+04
1.845480e+04
1.822329e+04
2.549687e+04
2.479471e+04
2.469010e+04
2.419040e+04
2.357094e+04
2.336170e+04
3.131818e+04
3.061827e+04
3.072959e+04
3.017922e+04
2.945624e+04
2.903504e+04
3.838932e+04
3.834867e+04
3.736928e+04
3.606499e+04
3.618217e+04
3.519742e+04
4.691754e+04
4.438397e+04
4.408349e+04
4.377659e+04
4.344177e+04
4.189269e+04
5.579308e+04
5.336602e+04
5.151265e+04
5.007493e+04
4.942752e+04
4.897585e+04
6.470950e+04
6.165826e+04
5.936983e+04
5.786984e+04
5.829401e+04
5.643430e+04
7.505877e+04
7.084533e+04
6.944170e+04
6.660835e+04
6.526558e+04
6.315989e+04
8.546235e+04
8.051107e+04
8.004376e+04
7.692652e+04
7.408651e+04
7.262948e+04
9.820470e+04
9.119478e+04
8.935217e+04
8.553655e+04
8.387576e+04
8.061790e+04
1.100629e+05
1.034792e+05
9.905180e+04
9.515643e+04
9.356669e+04
8.902991e+04
1.206457e+05
1.161156e+05
1.106430e+05
1.060209e+05
1.020487e+05
9.888721e+04
1.330958e+05
1.258456e+05
1.202298e+05
1.166076e+05
1.123840e+05
1.085519e+05
1.443643e+05
1.378996e+05
1.337490e+05
1.253501e+05
1.189888e+05
1.198269e+05
1.602066e+05
1.518024e+05
1.462984e+05
1.369886e+05
1.315707e+05
1.296313e+05
1.747304e+05
1.651357e+05
1.563919e+05
1.481020e+05
1.409753e+05
1.389360e+05
1.895083e+05
1.781061e+05
1.673762e+05
1.599976e+05
1.517093e+05
1.504274e+05
2.034289e+05
1.913287e+05
1.835084e+05
1.737098e+05
1.636931e+05
1.608439e+05
2.219843e+05
2.046515e+05
1.964191e+05
1.871831e+05
1.734701e+05
1.729324e+05
2.324034e+05
2.205026e+05
2.093870e+05
1.986877e+05
1.872719e+05
1.833810e+05
