5.911405e+04
5.864440e+04
5.657399e+04
5.325646e+04
5.270857e+04
5.147149e+04
9.395885e+04
9.194365e+04
8.990613e+04
8.581026e+04
8.566203e+04
8.405284e+04
1.400380e+05
1.317260e+05
1.293725e+05
1.247640e+05
1.225459e+05
1.129499e+05
1.741928e+05
1.792559e+05
1.632559e+05
1.719514e+05
1.683231e+05
1.578385e+05
2.366094e+05
2.263388e+05
2.170098e+05
2.112211e+05
1.993350e+05
1.992919e+05
2.899446e+05
2.760621e+05
2.716349e+05
2.517905e+05
2.503304e+05
2.440073e+05
3.699227e+05
3.473038e+05
3.254186e+05
3.255487e+05
2.961121e+05
2.933508e+05
4.370696e+05
4.060307e+05
3.969332e+05
3.728320e+05
3.597175e+05
3.536167e+05
5.274722e+05
4.938819e+05
4.512319e+05
4.360582e+05
4.224404e+05
4.014552e+05
6.006486e+05
5.515128e+05
5.186122e+05
4.904688e+05
4.696622e+05
4.578949e+05
