5.900282e+04
6.279073e+04
5.704249e+04
5.305785e+04
5.462889e+04
5.220747e+04
9.934966e+04
8.567669e+04
9.125919e+04
8.934314e+04
8.694637e+04
8.224098e+04
1.287076e+05
1.335916e+05
1.274946e+05
1.211578e+05
1.177716e+05
1.198395e+05
1.766274e+05
1.807927e+05
1.683575e+05
1.630669e+05
1.636114e+05
1.617009e+05
2.460218e+05
2.270362e+05
2.155505e+05
2.072999e+05
2.000192e+05
1.946558e+05
2.856745e+05
2.837354e+05
2.705224e+05
2.527479e+05
2.547033e+05
2.408068e+05
3.590713e+05
3.293507e+05
3.149418e+05
3.188060e+05
3.060620e+05
2.984692e+05
4.174068e+05
3.985464e+05
3.912710e+05
3.742095e+05
3.562578e+05
3.451790e+05
5.037378e+05
4.552881e+05
4.516348e+05
4.299224e+05
4.224943e+05
4.067619e+05
6.063256e+05
5.307413e+05
5.210362e+05
4.959966e+05
4.606655e+05
4.718230e+05
