5.862155e+04
5.971398e+04
5.577891e+04
5.366092e+04
5.348905e+04
5.361469e+04
9.109713e+04
8.860356e+04
8.747744e+04
8.552810e+04
7.873968e+04
8.822216e+04
1.334872e+05
1.280663e+05
1.211999e+05
1.177973e+05
1.138628e+05
1.180340e+05
1.824574e+05
1.714729e+05
1.720521e+05
1.611496e+05
1.586335e+05
1.626671e+05
2.392027e+05
2.250483e+05
2.230402e+05
2.167739e+05
2.043022e+05
2.112668e+05
3.102460e+05
2.817849e+05
2.776669e+05
2.602080e+05
2.442336e+05
2.552813e+05
3.567889e+05
3.593644e+05
3.380957e+05
3.078491e+05
3.032437e+05
3.104928e+05
4.502445e+05
4.041527e+05
3.911146e+05
3.610951e+05
3.576789e+05
3.554003e+05
4.997136e+05
4.868541e+05
4.567286e+05
4.266291e+05
4.398875e+05
4.148805e+05
5.873668e+05
5.568851e+05
5.370279e+05
4.933565e+05
4.821493e+05
4.611670e+05
