1.972750e+04
1.906088e+04
1.932920e+04
1.884446e+04
1.861992e+04
1.791029e+04
2.572493e+04
2.490169e+04
2.445969e+04
2.352798e+04
2.345608e+04
2.290744e+04
3.234483e+04
3.138307e+04
3.062432e+04
2.990364e+04
2.910251e+04
2.870089e+04
3.958462e+04
3.826151e+04
3.668102e+04
3.549546e+04
3.607510e+04
3.564972e+04
4.717442e+04
4.527281e+04
4.413889e+04
4.338937e+04
4.264333e+04
4.282379e+04
5.591276e+04
5.266262e+04
5.214058e+04
5.071089e+04
5.029024e+04
4.889851e+04
6.439334e+04
6.263143e+04
6.082359e+04
5.843806e+04
5.770882e+04
5.660259e+04
7.375644e+04
7.090496e+04
6.947194e+04
6.769863e+04
6.501947e+04
6.379360e+04
8.548741e+04
8.121664e+04
7.919328e+04
7.532544e+04
7.324661e+04
7.273822e+04
9.611578e+04
9.296767e+04
8.864274e+04
8.378218e+04
8.270720e+04
7.988165e+04
1.086350e+05
1.045253e+05
9.842832e+04
9.479368e+04
9.159225e+04
8.885453e+04
1.197091e+05
1.128088e+05
1.098171e+05
1.048839e+05
1.011978e+05
9.967584e+04
1.333462e+05
1.262072e+05
1.208878e+05
1.151422e+05
1.099205e+05
1.073381e+05
1.450399e+05
1.395568e+05
1.325773e+05
1.253383e+05
1.213246e+05
1.178224e+05
1.596216e+05
1.514070e+05
1.431595e+05
1.360686e+05
1.318646e+05
1.298355e+05
1.743377e+05
1.656194e+05
1.583676e+05
1.476441e+05
1.430006e+05
1.405506e+05
1.918136e+05
1.805008e+05
1.693584e+05
1.572876e+05
1.561126e+05
1.504805e+05
2.087848e+05
1.945296e+05
1.807313e+05
1.698402e+05
1.678653e+05
1.608460e+05
2.211645e+05
2.080957e+05
1.953351e+05
1.869047e+05
1.780506e+05
1.704771e+05
2.407250e+05
2.250972e+05
2.088234e+05
1.984925e+05
1.878167e+05
1.814144e+05
