1.998716e+04
1.955172e+04
1.938301e+04
1.839714e+04
1.795416e+04
1.816865e+04
2.551430e+04
2.518779e+04
2.457219e+04
2.428143e+04
2.345192e+04
2.400526e+04
3.233502e+04
3.089513e+04
3.132858e+04
3.011119e+04
2.969043e+04
2.931699e+04
3.894035e+04
3.868443e+04
3.732311e+04
3.688123e+04
3.589084e+04
3.535950e+04
4.658508e+04
4.634941e+04
4.459411e+04
4.405314e+04
4.186230e+04
4.133545e+04
5.606153e+04
5.382114e+04
5.280770e+04
5.130742e+04
4.913622e+04
4.760180e+04
6.502843e+04
6.224126e+04
6.150325e+04
5.874554e+04
5.687011e+04
5.532847e+04
7.404776e+04
7.205878e+04
6.992774e+04
6.541839e+04
6.359093e+04
6.442977e+04
8.579608e+04
8.147527e+04
7.863326e+04
7.442648e+04
7.210962e+04
7.172624e+04
9.617659e+04
9.154062e+04
8.818649e+04
8.235816e+04
8.210840e+04
7.986040e+04
1.103419e+05
1.032716e+05
9.896342e+04
9.478866e+04
9.194812e+04
9.039551e+04
1.199921e+05
1.161712e+05
1.083542e+05
1.057252e+05
1.001305e+05
9.843973e+04
1.327087e+05
1.275398e+05
1.222203e+05
1.139702e+05
1.112886e+05
1.109802e+05
1.477330e+05
1.396882e+05
1.316837e+05
1.266960e+05
1.197565e+05
1.172952e+05
1.606997e+05
1.515707e+05
1.428763e+05
1.390915e+05
1.313439e+05
1.263233e+05
1.737420e+05
1.645005e+05
1.586695e+05
1.541452e+05
1.404484e+05
1.380818e+05
1.879732e+05
1.804937e+05
1.720611e+05
1.649808e+05
1.519817e+05
1.488583e+05
2.037425e+05
1.940864e+05
1.838433e+05
1.756806e+05
1.624064e+05
1.615906e+05
2.233395e+05
2.078499e+05
1.967578e+05
1.867894e+05
1.744408e+05
1.697805e+05
2.361481e+05
2.258283e+05
2.094203e+05
1.983968e+05
1.876012e+05
1.832903e+05
