5.876318e+04
6.043769e+04
5.730148e+04
5.218600e+04
5.343875e+04
5.626453e+04
9.417380e+04
8.594700e+04
8.586938e+04
8.694010e+04
8.256879e+04
8.769063e+04
1.399945e+05
1.307426e+05
1.252177e+05
1.253050e+05
1.209266e+05
1.195776e+05
1.798359e+05
1.707904e+05
1.681086e+05
1.674362e+05
1.636006e+05
1.586601e+05
2.415183e+05
2.293143e+05
2.144314e+05
2.107755e+05
2.077073e+05
1.952698e+05
3.026415e+05
3.087962e+05
2.731535e+05
2.541913e+05
2.446870e+05
2.492071e+05
3.787962e+05
3.520346e+05
3.262857e+05
3.138941e+05
3.039048e+05
3.015051e+05
4.329678e+05
4.211007e+05
3.882308e+05
3.648893e+05
3.718454e+05
3.658117e+05
5.365486e+05
4.944788e+05
4.659412e+05
4.361689e+05
4.167839e+05
4.031745e+05
5.963948e+05
5.722654e+05
5.221817e+05
4.760896e+05
4.752517e+05
4.641065e+05
