2.006558e+04
1.929821e+04
1.924623e+04
1.832106e+04
1.893596e+04
1.799590e+04
2.541853e+04
2.472293e+04
2.404172e+04
2.370400e+04
2.425567e+04
2.352480e+04
3.146826e+04
3.094013e+04
3.059643e+04
2.955935e+04
2.919143e+04
2.889535e+04
3.905547e+04
3.803938e+04
3.759942e+04
3.658229e+04
3.576677e+04
3.481537e+04
4.715734e+04
4.594601e+04
4.473832e+04
4.309724e+04
4.210237e+04
4.101130e+04
5.571909e+04
5.278621e+04
5.210759e+04
5.029716e+04
4.934407e+04
4.850093e+04
6.463910e+04
6.163506e+04
6.093660e+04
5.977096e+04
5.744403e+04
5.610014e+04
7.403352e+04
7.158854e+04
6.906627e+04
6.694126e+04
6.490440e+04
6.274436e+04
8.398051e+04
7.949541e+04
7.773027e+04
7.752678e+04
7.416003e+04
7.020866e+04
9.692865e+04
8.996547e+04
8.703128e+04
8.581675e+04
8.268527e+04
7.916515e+04
1.063104e+05
1.020610e+05
9.837892e+04
9.432606e+04
9.252612e+04
8.816894e+04
1.208920e+05
1.132301e+05
1.092914e+05
1.062845e+05
1.028407e+05
9.819798e+04
1.333051e+05
1.240035e+05
1.173682e+05
1.149174e+05
1.108588e+05
1.094449e+05
1.496590e+05
1.380543e+05
1.291878e+05
1.256953e+05
1.221695e+05
1.192429e+05
1.637555e+05
1.516148e+05
1.421730e+05
1.377475e+05
1.344501e+05
1.302826e+05
1.748722e+05
1.646589e+05
1.564104e+05
1.490124e+05
1.434737e+05
1.414862e+05
1.904345e+05
1.786756e+05
1.701864e+05
1.612787e+05
1.538953e+05
1.528864e+05
2.050962e+05
1.907001e+05
1.797527e+05
1.733208e+05
1.645783e+05
1.636608e+05
2.194101e+05
2.053059e+05
1.955252e+05
1.858316e+05
1.765245e+05
1.743683e+05
2.388692e+05
2.236529e+05
2.090894e+05
1.970102e+05
1.874759e+05
1.839968e+05
