5.380648e+04
5.996035e+04
5.507234e+04
5.535529e+04
5.977305e+04
5.715597e+04
1.006012e+05
8.860239e+04
8.625595e+04
9.115426e+04
8.777443e+04
8.316210e+04
1.320914e+05
1.342238e+05
1.234686e+05
1.198645e+05
1.208395e+05
1.239238e+05
1.975878e+05
1.727625e+05
1.692579e+05
1.636927e+05
1.623613e+05
1.569047e+05
2.344276e+05
2.296673e+05
2.195344e+05
2.053412e+05
1.944832e+05
1.936929e+05
3.024177e+05
2.773993e+05
2.833466e+05
2.525447e+05
2.598451e+05
2.458085e+05
3.654375e+05
3.488130e+05
3.305942e+05
3.196506e+05
3.028017e+05
3.063389e+05
4.564252e+05
4.065248e+05
3.886704e+05
3.823926e+05
3.744874e+05
3.452040e+05
5.181434e+05
4.762381e+05
4.554291e+05
4.448355e+05
4.192681e+05
4.094832e+05
6.164654e+05
5.438893e+05
5.151286e+05
5.140239e+05
4.803297e+05
4.777727e+05
