5.909636e+04
6.285657e+04
5.763277e+04
5.319246e+04
5.411247e+04
5.163178e+04
9.505177e+04
9.523024e+04
9.011420e+04
8.468232e+04
7.850537e+04
8.114951e+04
1.355890e+05
1.391190e+05
1.254420e+05
1.235938e+05
1.176503e+05
1.114048e+05
1.839721e+05
1.776247e+05
1.719034e+05
1.645362e+05
1.563009e+05
1.558893e+05
2.442761e+05
2.191347e+05
2.217786e+05
2.100310e+05
1.962948e+05
1.906823e+05
3.035105e+05
2.855560e+05
2.678922e+05
2.545616e+05
2.489431e+05
2.336825e+05
3.644621e+05
3.530899e+05
3.336012e+05
3.174681e+05
2.974408e+05
2.798822e+05
4.519497e+05
4.233699e+05
3.797629e+05
3.781575e+05
3.584976e+05
3.429627e+05
5.247238e+05
4.763452e+05
4.613240e+05
4.367669e+05
4.210477e+05
3.794469e+05
6.057607e+05
5.576426e+05
5.138625e+05
5.078342e+05
4.992898e+05
4.539273e+05
