5.499441e+04
5.749376e+04
5.830846e+04
5.588868e+04
5.269686e+04
5.293073e+04
8.841183e+04
9.345611e+04
9.077550e+04
8.974726e+04
8.470709e+04
8.343235e+04
1.398103e+05
1.318224e+05
1.258506e+05
1.233660e+05
1.139396e+05
1.267603e+05
1.858151e+05
1.785189e+05
1.693734e+05
1.611397e+05
1.626541e+05
1.646215e+05
2.408116e+05
2.317662e+05
2.224354e+05
2.124785e+05
2.078279e+05
2.123098e+05
2.981784e+05
2.885405e+05
2.697812e+05
2.617706e+05
2.533840e+05
2.513367e+05
3.634319e+05
3.586053e+05
3.366503e+05
3.158959e+05
3.090640e+05
3.026459e+05
4.294927e+05
4.131371e+05
4.021575e+05
3.629868e+05
3.608566e+05
3.515223e+05
5.099814e+05
4.626310e+05
4.645779e+05
4.266102e+05
4.207453e+05
4.064423e+05
5.779382e+05
5.481416e+05
5.220331e+05
4.990480e+05
4.849026e+05
4.556922e+05
