5.746533e+04
5.580511e+04
5.739621e+04
5.405618e+04
5.133706e+04
5.266010e+04
8.869674e+04
8.415194e+04
8.423297e+04
8.681213e+04
8.417408e+04
8.220120e+04
1.292132e+05
1.279046e+05
1.224094e+05
1.175679e+05
1.204926e+05
1.179766e+05
1.834667e+05
1.724821e+05
1.701322e+05
1.654420e+05
1.537648e+05
1.554129e+05
2.378227e+05
2.298764e+05
2.175514e+05
2.130821e+05
2.074434e+05
2.025703e+05
2.984214e+05
2.917527e+05
2.833299e+05
2.516069e+05
2.534556e+05
2.470842e+05
3.735946e+05
3.604820e+05
3.257718e+05
3.150983e+05
2.959028e+05
3.035915e+05
4.419926e+05
4.084058e+05
3.902251e+05
3.661421e+05
3.596275e+05
3.590820e+05
5.149973e+05
4.969901e+05
4.487819e+05
4.267191e+05
4.147992e+05
4.114347e+05
6.079229e+05
5.759262e+05
5.215061e+05
5.016960e+05
4.754144e+05
4.662852e+05
