5.734077e+04
5.614596e+04
5.758724e+04
5.206674e+04
5.296671e+04
5.291067e+04
9.017745e+04
9.246680e+04
9.212033e+04
8.749265e+04
8.242222e+04
7.971663e+04
1.340820e+05
1.241980e+05
1.239353e+05
1.206898e+05
1.207086e+05
1.167388e+05
1.746315e+05
1.658497e+05
1.684970e+05
1.580321e+05
1.567928e+05
1.522407e+05
2.291391e+05
2.155678e+05
2.198150e+05
2.095040e+05
2.076419e+05
1.959379e+05
2.909250e+05
2.770160e+05
2.568759e+05
2.514908e+05
2.537529e+05
2.385280e+05
3.575475e+05
3.473699e+05
3.271988e+05
3.198910e+05
2.898135e+05
2.937174e+05
4.411617e+05
4.033971e+05
3.854277e+05
3.693765e+05
3.571811e+05
3.543324e+05
5.275475e+05
4.907263e+05
4.528021e+05
4.345906e+05
4.127557e+05
4.173891e+05
6.270207e+05
5.550667e+05
5.258478e+05
5.120466e+05
4.791983e+05
4.598636e+05
