5.751328e+04
5.741419e+04
5.662947e+04
5.490162e+04
5.468443e+04
5.537498e+04
9.460680e+04
8.772558e+04
9.140637e+04
8.985156e+04
8.633377e+04
8.237190e+04
1.407031e+05
1.294833e+05
1.242598e+05
1.219100e+05
1.214397e+05
1.253552e+05
1.844717e+05
1.795827e+05
1.709436e+05
1.613565e+05
1.565486e+05
1.493108e+05
2.327550e+05
2.264501e+05
2.136635e+05
2.008275e+05
1.938983e+05
1.877086e+05
2.898631e+05
2.896249e+05
2.665789e+05
2.529731e+05
2.522189e+05
2.496185e+05
3.612099e+05
3.337977e+05
3.245751e+05
3.169412e+05
3.051906e+05
3.013409e+05
4.320229e+05
3.888727e+05
3.870745e+05
3.701376e+05
3.552198e+05
3.708209e+05
5.021670e+05
4.801676e+05
4.366901e+05
4.282504e+05
4.329355e+05
4.088523e+05
5.989178e+05
5.461033e+05
5.133250e+05
5.024473e+05
4.684133e+05
4.683640e+05
