5.947362e+04
5.813293e+04
5.831123e+04
5.691624e+04
5.242416e+04
5.674322e+04
9.419845e+04
8.891860e+04
8.915480e+04
8.749308e+04
8.296664e+04
8.507858e+04
1.262423e+05
1.318556e+05
1.239802e+05
1.212861e+05
1.292166e+05
1.232201e+05
1.824099e+05
1.748350e+05
1.776650e+05
1.603348e+05
1.616000e+05
1.582456e+05
2.466084e+05
2.238100e+05
2.125712e+05
2.060535e+05
1.969905e+05
2.056284e+05
3.000099e+05
2.791173e+05
2.749097e+05
2.549993e+05
2.544985e+05
2.481827e+05
3.657962e+05
3.389559e+05
3.323724e+05
3.091074e+05
2.995218e+05
2.974026e+05
4.344204e+05
4.019811e+05
3.998798e+05
3.654974e+05
3.526737e+05
3.539469e+05
5.031722e+05
4.835799e+05
4.358713e+05
4.382088e+05
4.048149e+05
4.100513e+05
6.118224e+05
5.551118e+05
5.223911e+05
4.919224e+05
4.640031e+05
4.748026e+05
