1.446681e+04
1.504520e+04
1.410815e+04
1.468204e+04
1.394806e+04
1.413489e+04
2.322649e+04
2.299942e+04
2.305153e+04
2.248189e+04
2.206132e+04
2.113895e+04
3.587368e+04
3.319683e+04
3.320447e+04
3.105186e+04
3.076043e+04
2.974824e+04
4.695545e+04
4.631534e+04
4.161388e+04
4.045015e+04
4.137823e+04
4.053579e+04
6.002570e+04
5.967697e+04
5.413921e+04
5.542452e+04
5.091598e+04
5.114409e+04
7.657823e+04
7.254789e+04
6.909227e+04
6.502928e+04
6.394448e+04
6.229711e+04
9.230955e+04
8.676940e+04
8.405975e+04
7.972488e+04
8.077750e+04
7.692265e+04
1.087541e+05
1.032069e+05
9.798219e+04
9.223508e+04
9.084361e+04
8.837788e+04
1.283624e+05
1.206906e+05
1.149738e+05
1.075736e+05
1.052491e+05
1.057680e+05
1.464111e+05
1.382090e+05
1.313929e+05
1.223844e+05
1.216420e+05
1.191668e+05
