5.595002e+04
5.433485e+04
5.483341e+04
5.813255e+04
5.264417e+04
5.274079e+04
9.418667e+04
8.994502e+04
8.991538e+04
8.578971e+04
8.422734e+04
9.026871e+04
1.339664e+05
1.255450e+05
1.260644e+05
1.217294e+05
1.210207e+05
1.216696e+05
1.800211e+05
1.660933e+05
1.601666e+05
1.631925e+05
1.554656e+05
1.663486e+05
2.332699e+05
2.262943e+05
2.135520e+05
2.078356e+05
2.071160e+05
2.023582e+05
3.010518e+05
2.784233e+05
2.625710e+05
2.478596e+05
2.507004e+05
2.516850e+05
3.562198e+05
3.393638e+05
3.246282e+05
3.095829e+05
2.936212e+05
2.891597e+05
4.303893e+05
4.010061e+05
3.904256e+05
3.673324e+05
3.534733e+05
3.498653e+05
5.181900e+05
4.873748e+05
4.415263e+05
4.301445e+05
4.032205e+05
4.047214e+05
6.080388e+05
5.737131e+05
5.428259e+05
5.066466e+05
4.602589e+05
4.422649e+05
