5.867932e+04
6.074266e+04
5.478517e+04
5.678058e+04
5.506401e+04
5.335141e+04
9.459981e+04
9.041969e+04
8.831072e+04
8.944211e+04
8.273492e+04
8.478999e+04
1.434988e+05
1.274951e+05
1.325133e+05
1.278958e+05
1.171963e+05
1.173289e+05
1.877945e+05
1.697253e+05
1.679834e+05
1.603577e+05
1.565276e+05
1.564414e+05
2.374516e+05
2.324258e+05
2.147133e+05
2.101735e+05
2.061089e+05
1.996795e+05
2.928959e+05
2.858090e+05
2.730427e+05
2.619814e+05
2.433043e+05
2.403866e+05
3.676735e+05
3.432433e+05
3.259136e+05
3.220446e+05
3.149413e+05
2.948389e+05
4.336546e+05
3.926108e+05
3.785063e+05
3.831502e+05
3.587625e+05
3.419656e+05
5.201468e+05
4.782126e+05
4.491995e+05
4.502474e+05
4.211714e+05
4.010184e+05
6.011099e+05
5.479475e+05
5.334898e+05
5.040728e+05
4.619149e+05
4.588177e+05
