5.362070e+04
6.099743e+04
5.852464e+04
5.809216e+04
5.379485e+04
5.502484e+04
8.745350e+04
8.996844e+04
8.735601e+04
8.875052e+04
8.303278e+04
8.622244e+04
1.336733e+05
1.287893e+05
1.229390e+05
1.194470e+05
1.227093e+05
1.178020e+05
1.876496e+05
1.754499e+05
1.693909e+05
1.692976e+05
1.627101e+05
1.572711e+05
2.391897e+05
2.308060e+05
2.178844e+05
2.084363e+05
2.138015e+05
2.003727e+05
3.141634e+05
2.882224e+05
2.720195e+05
2.622603e+05
2.604167e+05
2.452449e+05
3.633310e+05
3.473101e+05
3.120803e+05
3.060306e+05
3.005903e+05
2.947857e+05
4.389350e+05
4.062915e+05
4.005564e+05
3.796240e+05
3.674263e+05
3.625962e+05
5.060824e+05
4.864142e+05
4.576915e+05
4.314886e+05
4.196541e+05
4.297785e+05
5.801769e+05
5.442411e+05
5.481465e+05
4.895048e+05
4.773977e+05
4.845612e+05
