2.043784e+04
1.935944e+04
1.900329e+04
1.855401e+04
1.832825e+04
1.796314e+04
2.601100e+04
2.498434e+04
2.444035e+04
2.455269e+04
2.308635e+04
2.344185e+04
3.245734e+04
3.155656e+04
3.002682e+04
2.974336e+04
2.924760e+04
2.951057e+04
3.853893e+04
3.758739e+04
3.730138e+04
3.589070e+04
3.549528e+04
3.525483e+04
4.772442e+04
4.566131e+04
4.391596e+04
4.344233e+04
4.230832e+04
4.167866e+04
5.535890e+04
5.273947e+04
5.161306e+04
5.010163e+04
4.855904e+04
4.754012e+04
6.307609e+04
6.019138e+04
5.911770e+04
5.800258e+04
5.643255e+04
5.613156e+04
7.341544e+04
7.135437e+04
6.931762e+04
6.656911e+04
6.444449e+04
6.289153e+04
8.370750e+04
7.956553e+04
7.689840e+04
7.589072e+04
7.330587e+04
7.157450e+04
9.361565e+04
9.007532e+04
8.863319e+04
8.466756e+04
8.171175e+04
7.980450e+04
1.057306e+05
1.026105e+05
9.855033e+04
9.435098e+04
8.963892e+04
8.936721e+04
1.191351e+05
1.122475e+05
1.081100e+05
1.050996e+05
1.003029e+05
9.899809e+04
1.319561e+05
1.247928e+05
1.215665e+05
1.140869e+05
1.100447e+05
1.080916e+05
1.442674e+05
1.358702e+05
1.304223e+05
1.279765e+05
1.208765e+05
1.204896e+05
1.609358e+05
1.520764e+05
1.444136e+05
1.379536e+05
1.320188e+05
1.302024e+05
1.743991e+05
1.614002e+05
1.559123e+05
1.488974e+05
1.430372e+05
1.413876e+05
1.865527e+05
1.760238e+05
1.674417e+05
1.624191e+05
1.553530e+05
1.519191e+05
2.014546e+05
1.922151e+05
1.843345e+05
1.727766e+05
1.668740e+05
1.625930e+05
2.168340e+05
2.109047e+05
1.974665e+05
1.838719e+05
1.783197e+05
1.730691e+05
2.350658e+05
2.241991e+05
2.098693e+05
1.972337e+05
1.907559e+05
1.843978e+05
