5.718074e+04
5.803164e+04
5.824534e+04
5.442477e+04
5.449936e+04
5.031141e+04
9.054665e+04
9.168542e+04
9.105840e+04
8.834280e+04
7.931145e+04
8.116531e+04
1.360188e+05
1.353558e+05
1.231047e+05
1.196942e+05
1.196073e+05
1.179631e+05
1.871292e+05
1.780766e+05
1.663532e+05
1.614246e+05
1.583540e+05
1.644998e+05
2.417830e+05
2.181861e+05
2.233250e+05
2.050348e+05
2.090979e+05
2.111573e+05
2.901622e+05
2.791868e+05
2.758290e+05
2.517976e+05
2.651600e+05
2.445738e+05
3.499031e+05
3.323188e+05
3.249996e+05
3.261596e+05
3.171551e+05
2.931870e+05
4.303528e+05
4.008303e+05
3.970997e+05
3.758749e+05
3.578052e+05
3.637466e+05
5.129005e+05
4.865095e+05
4.577060e+05
4.341069e+05
4.126424e+05
3.968850e+05
6.262331e+05
5.512371e+05
5.471094e+05
4.873375e+05
4.659159e+05
4.531016e+05
