1.293053e+04
1.369767e+04
1.412708e+04
1.469961e+04
1.454549e+04
1.415436e+04
2.286286e+04
2.210104e+04
2.224114e+04
2.249987e+04
2.098992e+04
2.153062e+04
3.243654e+04
3.129105e+04
3.175911e+04
3.057862e+04
3.080188e+04
3.091735e+04
4.566247e+04
4.220793e+04
4.390511e+04
4.412230e+04
4.254189e+04
4.088486e+04
6.066447e+04
5.562548e+04
5.566508e+04
5.574847e+04
5.241774e+04
5.052096e+04
7.623085e+04
7.280072e+04
6.871609e+04
6.501765e+04
6.531214e+04
6.251568e+04
9.451242e+04
8.664318e+04
8.541633e+04
7.768388e+04
7.562513e+04
7.867743e+04
1.119309e+05
1.074830e+05
9.837610e+04
9.555798e+04
9.158320e+04
9.181838e+04
1.389904e+05
1.249200e+05
1.184964e+05
1.074446e+05
1.059669e+05
1.038935e+05
1.536868e+05
1.455530e+05
1.294740e+05
1.247283e+05
1.212641e+05
1.198195e+05
