1.968740e+04
1.903251e+04
1.869225e+04
1.884295e+04
1.836291e+04
1.817377e+04
2.541945e+04
2.439881e+04
2.458200e+04
2.403377e+04
2.331272e+04
2.301954e+04
3.188806e+04
3.056191e+04
3.008250e+04
3.001840e+04
2.870592e+04
2.841569e+04
3.934443e+04
3.769552e+04
3.709304e+04
3.655272e+04
3.483499e+04
3.464216e+04
4.665810e+04
4.518334e+04
4.377774e+04
4.364439e+04
4.249905e+04
4.090036e+04
5.587537e+04
5.446820e+04
5.195705e+04
5.122576e+04
4.911114e+04
4.944924e+04
6.471561e+04
6.250525e+04
6.085196e+04
5.872362e+04
5.696363e+04
5.658939e+04
7.535690e+04
7.216844e+04
6.967904e+04
6.591195e+04
6.565191e+04
6.385543e+04
8.486905e+04
8.156968e+04
7.899656e+04
7.512240e+04
7.318713e+04
7.149538e+04
9.808383e+04
9.202110e+04
8.795925e+04
8.556368e+04
8.212756e+04
8.086458e+04
1.089536e+05
1.029933e+05
1.000541e+05
9.388743e+04
9.183317e+04
8.955488e+04
1.209598e+05
1.128413e+05
1.107698e+05
1.040704e+05
1.020551e+05
9.798921e+04
1.329338e+05
1.259468e+05
1.199831e+05
1.150828e+05
1.120232e+05
1.081642e+05
1.450632e+05
1.386477e+05
1.333722e+05
1.253381e+05
1.219511e+05
1.181677e+05
1.587445e+05
1.499057e+05
1.435199e+05
1.377960e+05
1.315892e+05
1.276165e+05
1.725422e+05
1.644833e+05
1.556919e+05
1.480624e+05
1.433321e+05
1.384612e+05
1.897237e+05
1.780264e+05
1.713389e+05
1.601448e+05
1.551006e+05
1.488292e+05
2.041770e+05
1.917648e+05
1.840289e+05
1.726288e+05
1.656885e+05
1.614722e+05
2.232897e+05
2.065589e+05
1.991817e+05
1.858330e+05
1.795299e+05
1.738543e+05
2.391830e+05
2.242539e+05
2.104374e+05
1.986726e+05
1.899759e+05
1.846513e+05
