6.068652e+04
5.473692e+04
5.330904e+04
5.202361e+04
5.368524e+04
5.056827e+04
9.558502e+04
8.680992e+04
8.472744e+04
8.544879e+04
8.606695e+04
7.920962e+04
1.358277e+05
1.308816e+05
1.272778e+05
1.163407e+05
1.148928e+05
1.094624e+05
1.787850e+05
1.749867e+05
1.746949e+05
1.625546e+05
1.572462e+05
1.544515e+05
2.424881e+05
2.295347e+05
2.268863e+05
2.134371e+05
1.977380e+05
1.928827e+05
3.081542e+05
2.861271e+05
2.646422e+05
2.498369e+05
2.488827e+05
2.454639e+05
3.640995e+05
3.476447e+05
3.323283e+05
3.082383e+05
3.056449e+05
2.955237e+05
4.420818e+05
4.278022e+05
3.946828e+05
3.689110e+05
3.570963e+05
3.584761e+05
4.987994e+05
4.814571e+05
4.564895e+05
4.440858e+05
4.077417e+05
4.241483e+05
5.839745e+05
5.551687e+05
5.303005e+05
5.002554e+05
4.959715e+05
4.563933e+05
