5.766677e+04
5.914084e+04
5.853464e+04
5.463437e+04
5.492025e+04
5.358825e+04
8.605857e+04
8.866906e+04
8.917334e+04
8.485529e+04
8.631719e+04
8.176443e+04
1.284988e+05
1.314764e+05
1.216538e+05
1.207864e+05
1.223904e+05
1.221861e+05
1.818413e+05
1.803862e+05
1.670725e+05
1.611998e+05
1.548727e+05
1.582981e+05
2.300073e+05
2.245779e+05
2.105698e+05
2.078342e+05
2.086051e+05
2.091292e+05
2.869094e+05
2.875178e+05
2.622136e+05
2.614117e+05
2.574725e+05
2.571464e+05
3.712568e+05
3.325036e+05
3.127525e+05
3.063138e+05
3.088347e+05
2.892107e+05
4.303997e+05
4.010234e+05
3.822247e+05
3.653237e+05
3.698404e+05
3.510872e+05
5.038170e+05
4.691339e+05
4.558081e+05
4.362234e+05
4.212522e+05
4.056317e+05
5.963091e+05
5.651723e+05
5.362753e+05
5.107098e+05
4.650680e+05
4.579955e+05
