5.926307e+04
5.654015e+04
5.256022e+04
5.544645e+04
5.402028e+04
5.415863e+04
9.221763e+04
8.773039e+04
9.078697e+04
8.511060e+04
8.307111e+04
8.142734e+04
1.359560e+05
1.310161e+05
1.288885e+05
1.172859e+05
1.235579e+05
1.253467e+05
1.779916e+05
1.680568e+05
1.602464e+05
1.596250e+05
1.604091e+05
1.609171e+05
2.407731e+05
2.229656e+05
2.206207e+05
2.121359e+05
2.054393e+05
2.028423e+05
3.023691e+05
2.919029e+05
2.722288e+05
2.536143e+05
2.565455e+05
2.477810e+05
3.630100e+05
3.483939e+05
3.346840e+05
3.331212e+05
3.043240e+05
3.109644e+05
4.397898e+05
4.178749e+05
4.023111e+05
3.817092e+05
3.667933e+05
3.593079e+05
4.983005e+05
4.865311e+05
4.594076e+05
4.252625e+05
4.275888e+05
4.189218e+05
6.153658e+05
5.336289e+05
5.342374e+05
5.137866e+05
4.896097e+05
4.691594e+05
