5.622423e+04
5.463484e+04
5.416033e+04
5.071537e+04
5.166701e+04
5.454955e+04
8.811451e+04
8.686853e+04
8.469849e+04
8.279542e+04
7.956992e+04
8.359406e+04
1.280112e+05
1.213872e+05
1.236450e+05
1.182999e+05
1.176350e+05
1.157963e+05
1.868346e+05
1.673503e+05
1.615674e+05
1.690886e+05
1.577180e+05
1.619411e+05
2.282589e+05
2.170770e+05
2.100132e+05
2.055956e+05
2.004968e+05
2.025169e+05
2.881396e+05
2.805720e+05
2.639436e+05
2.499535e+05
2.516940e+05
2.470591e+05
3.630745e+05
3.246358e+05
3.304530e+05
3.118037e+05
2.975077e+05
3.063776e+05
4.374085e+05
4.116765e+05
3.943113e+05
3.730291e+05
3.514467e+05
3.558701e+05
5.243953e+05
4.861069e+05
4.473708e+05
4.329003e+05
4.198354e+05
4.180693e+05
5.910116e+05
5.589935e+05
5.334125e+05
5.046517e+05
4.873564e+05
4.681077e+05
