5.943771e+04
5.882192e+04
5.779133e+04
5.459567e+04
5.203390e+04
5.049748e+04
9.834633e+04
8.941256e+04
8.802509e+04
8.409266e+04
7.830646e+04
8.313164e+04
1.317170e+05
1.252755e+05
1.289248e+05
1.192991e+05
1.163238e+05
1.111351e+05
1.782283e+05
1.763949e+05
1.673028e+05
1.660617e+05
1.529488e+05
1.543768e+05
2.371661e+05
2.337226e+05
2.122536e+05
2.033704e+05
2.058010e+05
1.946806e+05
2.997031e+05
2.860703e+05
2.686431e+05
2.577264e+05
2.473721e+05
2.487282e+05
3.708208e+05
3.562606e+05
3.327797e+05
3.041833e+05
3.142970e+05
2.911165e+05
4.459669e+05
4.079807e+05
3.871370e+05
3.797055e+05
3.682476e+05
3.454702e+05
5.287419e+05
4.884648e+05
4.753367e+05
4.381874e+05
4.280879e+05
4.034694e+05
6.128881e+05
5.598290e+05
5.361570e+05
5.006264e+05
4.767370e+05
4.691912e+05
