1.518853e+04
1.478072e+04
1.348987e+04
1.437080e+04
1.359537e+04
1.342504e+04
2.303777e+04
2.189815e+04
2.079532e+04
2.339805e+04
2.057690e+04
2.016354e+04
3.393058e+04
3.275324e+04
3.257151e+04
3.006354e+04
3.164556e+04
2.942619e+04
4.545121e+04
4.446927e+04
4.423960e+04
4.168732e+04
4.156279e+04
3.871137e+04
5.896709e+04
5.867879e+04
5.445548e+04
5.337055e+04
5.178273e+04
4.990667e+04
7.642630e+04
7.159536e+04
6.790713e+04
6.542263e+04
6.301841e+04
6.200271e+04
9.382643e+04
8.802939e+04
8.450256e+04
8.193484e+04
7.424008e+04
7.608229e+04
1.131744e+05
1.028186e+05
9.798028e+04
9.315219e+04
8.943555e+04
8.786522e+04
1.314870e+05
1.220893e+05
1.176827e+05
1.145954e+05
1.032307e+05
1.036144e+05
1.550015e+05
1.418116e+05
1.362347e+05
1.251213e+05
1.202913e+05
1.206622e+05
