5.522162e+04
5.908167e+04
5.898410e+04
5.520947e+04
5.512630e+04
5.206651e+04
9.637951e+04
8.632189e+04
8.783379e+04
8.442141e+04
8.210158e+04
8.709054e+04
1.354367e+05
1.266808e+05
1.306402e+05
1.231235e+05
1.153672e+05
1.240099e+05
1.767024e+05
1.841314e+05
1.702524e+05
1.618189e+05
1.533901e+05
1.584791e+05
2.239559e+05
2.272054e+05
2.194590e+05
2.052253e+05
2.064818e+05
1.982832e+05
3.097053e+05
2.975705e+05
2.704984e+05
2.585477e+05
2.537453e+05
2.341375e+05
3.850364e+05
3.537792e+05
3.404218e+05
3.050686e+05
2.897948e+05
2.942197e+05
4.472471e+05
4.157087e+05
3.868124e+05
3.862552e+05
3.529909e+05
3.477843e+05
4.899988e+05
4.788058e+05
4.652032e+05
4.393419e+05
4.174674e+05
4.139357e+05
5.997734e+05
5.501865e+05
5.335778e+05
5.018500e+05
4.790910e+05
4.740136e+05
