1.968849e+04
1.967738e+04
1.894020e+04
1.852819e+04
1.848455e+04
1.828777e+04
2.526186e+04
2.448616e+04
2.474900e+04
2.391832e+04
2.341958e+04
2.352963e+04
3.188491e+04
3.069498e+04
3.017580e+04
3.057801e+04
3.020761e+04
2.978585e+04
3.901188e+04
3.843908e+04
3.749295e+04
3.628160e+04
3.569494e+04
3.535230e+04
4.830896e+04
4.624924e+04
4.466298e+04
4.290417e+04
4.280911e+04
4.299162e+04
5.659461e+04
5.277034e+04
5.165787e+04
5.066549e+04
4.927522e+04
4.846096e+04
6.518269e+04
6.210918e+04
6.084780e+04
5.927985e+04
5.609484e+04
5.620407e+04
7.540879e+04
7.287689e+04
6.937650e+04
6.701081e+04
6.358146e+04
6.434864e+04
8.605058e+04
8.274320e+04
7.726645e+04
7.594465e+04
7.321182e+04
7.239571e+04
9.580451e+04
9.209691e+04
8.849045e+04
8.502672e+04
8.301198e+04
7.997439e+04
1.073067e+05
1.022455e+05
9.815416e+04
9.405075e+04
9.324949e+04
8.946554e+04
1.207656e+05
1.142843e+05
1.094125e+05
1.054335e+05
1.012078e+05
1.006633e+05
1.337638e+05
1.252625e+05
1.207531e+05
1.158619e+05
1.125843e+05
1.089063e+05
1.467765e+05
1.398255e+05
1.302007e+05
1.272187e+05
1.206303e+05
1.191353e+05
1.616316e+05
1.494066e+05
1.445832e+05
1.389951e+05
1.302962e+05
1.315102e+05
1.742648e+05
1.638121e+05
1.573681e+05
1.511681e+05
1.429333e+05
1.418940e+05
1.872767e+05
1.763843e+05
1.671434e+05
1.632305e+05
1.525427e+05
1.498632e+05
2.036935e+05
1.880257e+05
1.809532e+05
1.773556e+05
1.650719e+05
1.638409e+05
2.196560e+05
2.037947e+05
1.911598e+05
1.865128e+05
1.769884e+05
1.722771e+05
2.405076e+05
2.232219e+05
2.072374e+05
1.994041e+05
1.881431e+05
1.833486e+05
