5.456910e+04
5.727756e+04
5.642701e+04
5.297361e+04
5.422479e+04
5.629945e+04
9.326012e+04
8.762626e+04
8.962876e+04
8.250542e+04
8.467256e+04
8.411362e+04
1.352157e+05
1.301041e+05
1.214412e+05
1.226920e+05
1.224078e+05
1.121435e+05
1.783688e+05
1.709760e+05
1.640069e+05
1.605513e+05
1.619250e+05
1.560482e+05
2.367290e+05
2.280996e+05
2.155149e+05
2.058149e+05
2.064352e+05
1.948867e+05
3.051082e+05
2.931337e+05
2.627872e+05
2.527640e+05
2.493722e+05
2.415058e+05
3.634361e+05
3.333110e+05
3.385322e+05
3.038490e+05
2.986880e+05
2.966096e+05
4.498544e+05
4.308637e+05
3.830110e+05
3.752405e+05
3.647951e+05
3.496247e+05
5.131463e+05
4.879139e+05
4.626589e+05
4.408223e+05
4.133147e+05
4.241023e+05
5.969626e+05
5.681916e+05
5.334670e+05
4.935178e+05
4.849162e+05
4.726275e+05
