5.542948e+04
5.684452e+04
5.401405e+04
5.508201e+04
5.229204e+04
5.415187e+04
9.172105e+04
9.010512e+04
8.487528e+04
8.729486e+04
8.413584e+04
7.938355e+04
1.356513e+05
1.299678e+05
1.253105e+05
1.205597e+05
1.220703e+05
1.250720e+05
1.863257e+05
1.756955e+05
1.671360e+05
1.648153e+05
1.657286e+05
1.555109e+05
2.406164e+05
2.216735e+05
2.265249e+05
2.112941e+05
2.043278e+05
1.975449e+05
2.940056e+05
2.820308e+05
2.630496e+05
2.533872e+05
2.539854e+05
2.423058e+05
3.710946e+05
3.450684e+05
3.219684e+05
3.160271e+05
3.091237e+05
2.861406e+05
4.538044e+05
4.175283e+05
4.030226e+05
3.859684e+05
3.583894e+05
3.479530e+05
5.508166e+05
4.911866e+05
4.586495e+05
4.390541e+05
4.182908e+05
4.081759e+05
6.189924e+05
5.609332e+05
5.320097e+05
5.016239e+05
4.661286e+05
4.575267e+05
