6.183452e+04
5.723803e+04
5.382037e+04
5.424865e+04
5.211603e+04
5.190096e+04
9.827661e+04
8.602658e+04
9.119654e+04
8.116196e+04
8.277830e+04
8.211834e+04
1.390247e+05
1.300156e+05
1.267818e+05
1.266846e+05
1.183231e+05
1.242918e+05
1.853522e+05
1.760929e+05
1.726795e+05
1.647432e+05
1.576977e+05
1.587923e+05
2.365584e+05
2.264414e+05
2.231485e+05
2.092632e+05
1.955663e+05
1.945893e+05
3.065945e+05
2.753769e+05
2.664845e+05
2.537327e+05
2.520439e+05
2.392988e+05
3.650876e+05
3.380821e+05
3.256344e+05
3.072038e+05
2.971240e+05
2.840645e+05
4.257644e+05
3.963447e+05
3.855139e+05
3.749895e+05
3.531173e+05
3.467808e+05
5.178912e+05
4.822452e+05
4.597867e+05
4.351585e+05
4.192680e+05
4.108678e+05
6.026244e+05
5.612046e+05
5.335024e+05
5.001102e+05
4.692838e+05
4.759155e+05
