1.916758e+04
1.901133e+04
1.880619e+04
1.853910e+04
1.831588e+04
1.854892e+04
2.486973e+04
2.462131e+04
2.452995e+04
2.394054e+04
2.401497e+04
2.333737e+04
3.167255e+04
3.115445e+04
3.052240e+04
2.981946e+04
2.965325e+04
2.986639e+04
3.877229e+04
3.718721e+04
3.717501e+04
3.677078e+04
3.623273e+04
3.627051e+04
4.645346e+04
4.592272e+04
4.461569e+04
4.277456e+04
4.349486e+04
4.234692e+04
5.583050e+04
5.213884e+04
5.298102e+04
5.040983e+04
5.037782e+04
4.835872e+04
6.439695e+04
6.274185e+04
6.064956e+04
5.812671e+04
5.699566e+04
5.735887e+04
7.418108e+04
7.136462e+04
6.865119e+04
6.677159e+04
6.509506e+04
6.331025e+04
8.488411e+04
8.131201e+04
7.760358e+04
7.574559e+04
7.372174e+04
7.208512e+04
9.572303e+04
9.062761e+04
8.797006e+04
8.354738e+04
8.186466e+04
8.055107e+04
1.077255e+05
1.014308e+05
9.737013e+04
9.591894e+04
9.132471e+04
9.142363e+04
1.203986e+05
1.115711e+05
1.082269e+05
1.036627e+05
1.010793e+05
9.853563e+04
1.311031e+05
1.248626e+05
1.225275e+05
1.169503e+05
1.111240e+05
1.078054e+05
1.453228e+05
1.381169e+05
1.310674e+05
1.276483e+05
1.233154e+05
1.180851e+05
1.603724e+05
1.499529e+05
1.429073e+05
1.386724e+05
1.340047e+05
1.259467e+05
1.738379e+05
1.637599e+05
1.582413e+05
1.507710e+05
1.429904e+05
1.382694e+05
1.890507e+05
1.767270e+05
1.674582e+05
1.608120e+05
1.544339e+05
1.495379e+05
2.044786e+05
1.891354e+05
1.824516e+05
1.748448e+05
1.650116e+05
1.600810e+05
2.214555e+05
2.068483e+05
1.987414e+05
1.879410e+05
1.814008e+05
1.732299e+05
2.367473e+05
2.198450e+05
2.112874e+05
2.006167e+05
1.919095e+05
1.836818e+05
