6.258304e+04
5.935038e+04
5.821166e+04
5.235456e+04
5.335170e+04
5.396499e+04
9.177019e+04
9.369978e+04
8.723300e+04
8.736166e+04
8.298275e+04
8.629293e+04
1.403334e+05
1.274059e+05
1.248002e+05
1.160460e+05
1.148644e+05
1.204939e+05
1.836629e+05
1.695692e+05
1.698995e+05
1.615505e+05
1.596984e+05
1.564879e+05
2.353609e+05
2.222207e+05
2.150573e+05
2.111082e+05
2.051355e+05
1.962008e+05
2.931332e+05
2.934270e+05
2.671023e+05
2.537675e+05
2.533807e+05
2.369259e+05
3.683002e+05
3.340748e+05
3.298409e+05
2.955298e+05
3.019650e+05
2.982058e+05
4.489037e+05
4.033929e+05
3.837073e+05
3.738416e+05
3.748440e+05
3.647009e+05
5.241067e+05
4.838211e+05
4.636618e+05
4.241061e+05
4.117682e+05
4.158785e+05
6.214200e+05
5.606825e+05
5.088759e+05
4.888453e+05
4.747015e+05
4.757643e+05
