5.604542e+04
5.450670e+04
5.876195e+04
5.555159e+04
5.177880e+04
5.379114e+04
9.494373e+04
8.876832e+04
8.953913e+04
8.496305e+04
8.907648e+04
8.311137e+04
1.297637e+05
1.261932e+05
1.261512e+05
1.272674e+05
1.176479e+05
1.215165e+05
1.839429e+05
1.813832e+05
1.672008e+05
1.709492e+05
1.543682e+05
1.596142e+05
2.431871e+05
2.240184e+05
2.249689e+05
2.124310e+05
2.019945e+05
2.041636e+05
2.981561e+05
2.975632e+05
2.692438e+05
2.583754e+05
2.532445e+05
2.492867e+05
3.684309e+05
3.370765e+05
3.374780e+05
3.169189e+05
3.095779e+05
2.922378e+05
4.357453e+05
4.188038e+05
3.875267e+05
3.725462e+05
3.740571e+05
3.515474e+05
5.357644e+05
4.852202e+05
4.507543e+05
4.377426e+05
4.395686e+05
4.147988e+05
6.079784e+05
5.571117e+05
5.374966e+05
4.993896e+05
4.758778e+05
4.648835e+05
