1.986015e+04
1.919066e+04
1.915894e+04
1.882128e+04
1.820769e+04
1.837679e+04
2.523766e+04
2.455962e+04
2.457232e+04
2.371603e+04
2.354471e+04
2.330412e+04
3.204889e+04
3.154338e+04
3.035901e+04
2.961638e+04
2.920350e+04
2.924258e+04
3.831080e+04
3.783564e+04
3.703963e+04
3.589567e+04
3.550220e+04
3.555435e+04
4.812356e+04
4.539684e+04
4.479769e+04
4.209870e+04
4.150250e+04
4.185726e+04
5.713855e+04
5.331786e+04
5.229187e+04
4.999963e+04
4.988196e+04
4.850398e+04
6.550248e+04
6.243794e+04
6.050612e+04
5.765117e+04
5.561007e+04
5.520750e+04
7.475156e+04
7.366646e+04
7.037675e+04
6.685595e+04
6.426407e+04
6.335653e+04
8.506324e+04
8.149599e+04
7.902090e+04
7.399271e+04
7.204263e+04
7.141428e+04
9.520638e+04
9.072917e+04
8.965036e+04
8.499199e+04
8.141640e+04
8.001558e+04
1.060914e+05
1.007053e+05
9.994928e+04
9.459992e+04
9.238789e+04
9.014549e+04
1.184419e+05
1.126560e+05
1.080012e+05
1.054912e+05
1.023872e+05
1.001517e+05
1.310194e+05
1.248049e+05
1.199494e+05
1.170440e+05
1.142238e+05
1.111402e+05
1.447481e+05
1.368758e+05
1.341925e+05
1.285846e+05
1.225838e+05
1.212469e+05
1.574159e+05
1.502728e+05
1.441448e+05
1.377665e+05
1.348621e+05
1.306891e+05
1.745719e+05
1.641932e+05
1.563794e+05
1.489090e+05
1.443278e+05
1.392854e+05
1.893533e+05
1.795894e+05
1.692822e+05
1.596683e+05
1.562369e+05
1.499407e+05
2.059212e+05
1.939611e+05
1.830174e+05
1.705339e+05
1.659992e+05
1.597957e+05
2.217052e+05
2.064349e+05
1.970253e+05
1.839783e+05
1.775803e+05
1.721493e+05
2.412632e+05
2.230393e+05
2.086624e+05
1.973593e+05
1.883161e+05
1.855959e+05
