5.611500e+04
6.265256e+04
5.552769e+04
5.486320e+04
5.091806e+04
5.417863e+04
9.055493e+04
8.626524e+04
8.848993e+04
8.447348e+04
8.363725e+04
7.663257e+04
1.221902e+05
1.207765e+05
1.208134e+05
1.244181e+05
1.209781e+05
1.167572e+05
1.688775e+05
1.716498e+05
1.751788e+05
1.585749e+05
1.634059e+05
1.553521e+05
2.346865e+05
2.239976e+05
2.162729e+05
2.143415e+05
2.024574e+05
1.951328e+05
2.934878e+05
2.809916e+05
2.634452e+05
2.648638e+05
2.537973e+05
2.356539e+05
3.592430e+05
3.302147e+05
3.157222e+05
3.095424e+05
2.983381e+05
2.804714e+05
4.363200e+05
4.158238e+05
3.951228e+05
3.859831e+05
3.504736e+05
3.505444e+05
4.977584e+05
4.824007e+05
4.560493e+05
4.315263e+05
4.108364e+05
4.018552e+05
5.974863e+05
5.553492e+05
5.289023e+05
4.902391e+05
4.857985e+05
4.712578e+05
