6.033245e+04
5.557413e+04
5.670687e+04
5.618140e+04
5.098472e+04
5.338955e+04
9.183362e+04
8.995898e+04
9.070261e+04
8.806851e+04
8.661021e+04
8.768117e+04
1.386771e+05
1.318571e+05
1.295966e+05
1.218253e+05
1.199409e+05
1.229481e+05
1.858427e+05
1.802167e+05
1.728798e+05
1.694271e+05
1.584889e+05
1.595697e+05
2.453425e+05
2.248148e+05
2.171044e+05
2.122239e+05
2.045563e+05
2.086007e+05
3.096104e+05
2.806235e+05
2.702141e+05
2.680579e+05
2.431566e+05
2.500025e+05
3.780095e+05
3.446390e+05
3.321223e+05
3.107759e+05
2.905337e+05
2.990173e+05
4.380959e+05
4.252468e+05
4.045090e+05
3.649850e+05
3.599507e+05
3.531831e+05
5.202714e+05
4.885768e+05
4.557325e+05
4.317619e+05
4.090515e+05
3.985732e+05
6.256634e+05
5.645878e+05
5.263392e+05
5.149463e+05
4.784084e+05
4.578541e+05
