5.806504e+04
5.862514e+04
5.463037e+04
5.546590e+04
5.102891e+04
5.288414e+04
8.739971e+04
9.168190e+04
8.811070e+04
8.726506e+04
8.443634e+04
8.142551e+04
1.392282e+05
1.268109e+05
1.288433e+05
1.237178e+05
1.203959e+05
1.167036e+05
1.866799e+05
1.784036e+05
1.729237e+05
1.717169e+05
1.561525e+05
1.633267e+05
2.221974e+05
2.237145e+05
2.227714e+05
2.140449e+05
2.052133e+05
2.077759e+05
3.010605e+05
2.978015e+05
2.631407e+05
2.619451e+05
2.448088e+05
2.461107e+05
3.601088e+05
3.374284e+05
3.315352e+05
3.257748e+05
3.032991e+05
2.920126e+05
4.437737e+05
4.175355e+05
4.004120e+05
3.766681e+05
3.629443e+05
3.584403e+05
5.332014e+05
4.860810e+05
4.447612e+05
4.327295e+05
4.227718e+05
4.146496e+05
5.905773e+05
5.519935e+05
5.330900e+05
5.119020e+05
4.703229e+05
4.735081e+05
