6.171213e+04
5.923461e+04
5.581753e+04
5.433935e+04
5.259068e+04
5.649668e+04
9.313994e+04
8.874251e+04
8.730621e+04
8.674698e+04
7.943049e+04
8.190736e+04
1.331638e+05
1.283457e+05
1.278790e+05
1.192629e+05
1.220441e+05
1.127715e+05
1.769769e+05
1.688254e+05
1.716442e+05
1.553740e+05
1.566631e+05
1.577077e+05
2.345202e+05
2.205690e+05
2.108593e+05
2.041128e+05
1.996810e+05
1.874315e+05
3.132180e+05
2.908911e+05
2.710510e+05
2.576352e+05
2.537341e+05
2.377155e+05
3.777134e+05
3.354640e+05
3.263727e+05
3.161608e+05
2.999859e+05
2.884979e+05
4.437842e+05
3.986646e+05
3.915845e+05
3.748184e+05
3.607468e+05
3.609413e+05
5.210378e+05
4.897844e+05
4.500413e+05
4.254111e+05
4.140709e+05
4.088582e+05
6.092325e+05
5.575904e+05
5.452213e+05
5.042436e+05
4.624485e+05
4.747488e+05
