1.491996e+04
1.566512e+04
1.429029e+04
1.380788e+04
1.377992e+04
1.399758e+04
2.477910e+04
2.311111e+04
2.193352e+04
2.294381e+04
2.084163e+04
2.181618e+04
3.537532e+04
3.382599e+04
3.251365e+04
3.209458e+04
3.093297e+04
3.076383e+04
4.589719e+04
4.268919e+04
4.304717e+04
4.191382e+04
4.225278e+04
3.750191e+04
6.105453e+04
5.961996e+04
5.450372e+04
5.385825e+04
5.312509e+04
5.170487e+04
7.722804e+04
7.075487e+04
6.578555e+04
6.540420e+04
6.756809e+04
6.466385e+04
9.342040e+04
9.154459e+04
8.086254e+04
7.951689e+04
7.907174e+04
7.769798e+04
1.173902e+05
1.036481e+05
9.625825e+04
9.407507e+04
9.170234e+04
9.482663e+04
1.316368e+05
1.219181e+05
1.153199e+05
1.113150e+05
1.103246e+05
1.076683e+05
1.550010e+05
1.417158e+05
1.352491e+05
1.259398e+05
1.279279e+05
1.219152e+05
