1.415145e+04
1.549734e+04
1.519319e+04
1.323735e+04
1.348201e+04
1.354756e+04
2.507221e+04
2.334417e+04
2.231000e+04
2.162230e+04
2.190922e+04
2.194863e+04
3.469155e+04
3.172706e+04
3.289006e+04
3.191065e+04
3.111319e+04
2.955035e+04
4.599811e+04
4.382783e+04
4.386496e+04
4.180548e+04
4.122143e+04
4.286001e+04
5.654703e+04
5.621047e+04
5.638215e+04
5.344656e+04
5.468067e+04
5.250235e+04
7.591497e+04
6.881907e+04
6.778106e+04
6.555903e+04
6.485030e+04
6.173745e+04
9.338955e+04
8.853599e+04
8.412358e+04
7.953091e+04
8.106992e+04
7.557371e+04
1.115230e+05
1.008059e+05
9.930343e+04
9.652578e+04
9.204620e+04
8.998438e+04
1.291529e+05
1.204454e+05
1.197994e+05
1.144227e+05
1.097845e+05
1.047687e+05
1.511513e+05
1.434211e+05
1.355243e+05
1.264407e+05
1.233696e+05
1.217393e+05
