5.676268e+04
5.637126e+04
5.769016e+04
5.498349e+04
5.191216e+04
5.420894e+04
9.283254e+04
9.261199e+04
8.909039e+04
8.465841e+04
8.047700e+04
9.000975e+04
1.364045e+05
1.297852e+05
1.204003e+05
1.160223e+05
1.199188e+05
1.183028e+05
1.797888e+05
1.754800e+05
1.599684e+05
1.681358e+05
1.529540e+05
1.549062e+05
2.350903e+05
2.229262e+05
2.162198e+05
2.125058e+05
1.977599e+05
1.935524e+05
3.074574e+05
2.823396e+05
2.767180e+05
2.576027e+05
2.516300e+05
2.386227e+05
3.564203e+05
3.412737e+05
3.308210e+05
3.124973e+05
3.030098e+05
2.984428e+05
4.376171e+05
4.161469e+05
3.954336e+05
3.724774e+05
3.506879e+05
3.510020e+05
5.168062e+05
4.827919e+05
4.584864e+05
4.394531e+05
4.111257e+05
4.036967e+05
6.101474e+05
5.638169e+05
5.467487e+05
4.963240e+05
4.888489e+05
4.511011e+05
