5.420961e+04
5.539284e+04
5.429591e+04
5.505738e+04
5.197155e+04
5.080906e+04
9.085830e+04
9.010416e+04
8.718331e+04
9.071151e+04
8.664482e+04
8.223753e+04
1.375775e+05
1.294912e+05
1.324077e+05
1.248308e+05
1.196925e+05
1.109464e+05
1.866735e+05
1.760230e+05
1.744786e+05
1.617843e+05
1.593805e+05
1.525881e+05
2.341569e+05
2.285334e+05
2.251997e+05
2.155447e+05
2.119567e+05
2.024944e+05
3.014812e+05
2.811403e+05
2.815138e+05
2.561028e+05
2.533284e+05
2.450231e+05
3.663273e+05
3.469085e+05
3.322900e+05
3.210518e+05
3.109080e+05
2.842156e+05
4.460577e+05
4.010939e+05
3.807793e+05
3.615068e+05
3.624332e+05
3.477365e+05
5.108406e+05
4.611579e+05
4.454652e+05
4.365141e+05
4.083528e+05
4.127340e+05
5.936216e+05
5.481747e+05
5.179022e+05
4.801770e+05
4.909167e+05
4.720214e+05
