5.811544e+04
5.647954e+04
5.590261e+04
5.727835e+04
5.594132e+04
5.411898e+04
9.687792e+04
9.062158e+04
8.873883e+04
8.733813e+04
8.145863e+04
8.199193e+04
1.352484e+05
1.265767e+05
1.274581e+05
1.296006e+05
1.245386e+05
1.144371e+05
1.873039e+05
1.834622e+05
1.806942e+05
1.665539e+05
1.609998e+05
1.517142e+05
2.363739e+05
2.227300e+05
2.206682e+05
2.211465e+05
2.131011e+05
2.014157e+05
2.953333e+05
2.995224e+05
2.778823e+05
2.712669e+05
2.518490e+05
2.476805e+05
3.674227e+05
3.425265e+05
3.359148e+05
3.052057e+05
3.036620e+05
2.903185e+05
4.517634e+05
4.039097e+05
3.866862e+05
3.684822e+05
3.561134e+05
3.541231e+05
5.060090e+05
4.771237e+05
4.206156e+05
4.128451e+05
4.156796e+05
4.076307e+05
5.927010e+05
5.586247e+05
5.291852e+05
4.804659e+05
4.719819e+05
4.697351e+05
