1.916848e+04
1.943007e+04
1.935889e+04
1.881583e+04
1.830465e+04
1.827424e+04
2.554037e+04
2.489035e+04
2.474298e+04
2.387768e+04
2.374719e+04
2.318211e+04
3.274514e+04
3.052226e+04
2.994705e+04
3.006648e+04
2.872789e+04
2.908504e+04
3.997025e+04
3.859059e+04
3.659327e+04
3.651608e+04
3.549959e+04
3.548982e+04
4.694794e+04
4.587429e+04
4.423264e+04
4.286378e+04
4.183143e+04
4.131567e+04
5.606659e+04
5.455633e+04
5.233872e+04
5.088844e+04
4.856374e+04
4.831803e+04
6.583934e+04
6.247111e+04
6.095062e+04
5.825577e+04
5.683546e+04
5.616518e+04
7.304175e+04
7.080490e+04
7.032487e+04
6.717723e+04
6.560251e+04
6.444039e+04
8.419419e+04
8.196273e+04
8.035623e+04
7.585118e+04
7.393227e+04
7.311563e+04
9.558092e+04
9.104594e+04
9.009591e+04
8.574023e+04
8.367183e+04
8.051415e+04
1.073501e+05
1.033138e+05
9.825561e+04
9.329412e+04
9.272163e+04
9.035094e+04
1.190329e+05
1.141902e+05
1.083703e+05
1.045930e+05
1.050981e+05
9.961524e+04
1.321807e+05
1.259744e+05
1.200952e+05
1.153105e+05
1.124323e+05
1.101268e+05
1.473481e+05
1.389738e+05
1.303574e+05
1.281688e+05
1.219878e+05
1.200489e+05
1.617277e+05
1.513532e+05
1.433775e+05
1.376562e+05
1.356128e+05
1.305727e+05
1.763286e+05
1.659459e+05
1.559495e+05
1.485384e+05
1.428953e+05
1.379855e+05
1.926300e+05
1.801846e+05
1.685342e+05
1.606575e+05
1.540705e+05
1.477660e+05
2.056083e+05
1.942178e+05
1.824309e+05
1.709433e+05
1.662300e+05
1.596308e+05
2.226841e+05
2.081896e+05
1.966005e+05
1.852228e+05
1.758397e+05
1.721231e+05
2.393623e+05
2.247799e+05
2.100574e+05
1.986336e+05
1.899652e+05
1.820660e+05
