5.962335e+04
5.770670e+04
5.714873e+04
5.548863e+04
5.013082e+04
4.993815e+04
9.255759e+04
9.129566e+04
8.607234e+04
8.611798e+04
7.852167e+04
8.158296e+04
1.301677e+05
1.281901e+05
1.239097e+05
1.226371e+05
1.165601e+05
1.147712e+05
1.870882e+05
1.675140e+05
1.681524e+05
1.608694e+05
1.565987e+05
1.543738e+05
2.408189e+05
2.403429e+05
2.134372e+05
2.132831e+05
2.114396e+05
2.046034e+05
3.019042e+05
2.807418e+05
2.658118e+05
2.596813e+05
2.542340e+05
2.427783e+05
3.638993e+05
3.447574e+05
3.160374e+05
3.180627e+05
3.028770e+05
2.959353e+05
4.403665e+05
4.062702e+05
3.895805e+05
3.767828e+05
3.543323e+05
3.396931e+05
5.244243e+05
4.759552e+05
4.509318e+05
4.229107e+05
4.097251e+05
4.047339e+05
6.087386e+05
5.641716e+05
5.137529e+05
4.905942e+05
4.739174e+05
4.842649e+05
