5.496201e+04
5.977978e+04
5.811717e+04
5.595523e+04
5.317944e+04
5.089231e+04
9.333001e+04
8.977015e+04
8.595371e+04
8.592673e+04
8.687909e+04
7.968185e+04
1.300897e+05
1.294720e+05
1.259364e+05
1.200981e+05
1.198388e+05
1.175115e+05
1.852341e+05
1.731141e+05
1.737569e+05
1.700220e+05
1.617303e+05
1.541715e+05
2.304985e+05
2.199363e+05
2.252221e+05
2.021073e+05
2.096779e+05
1.903284e+05
2.903186e+05
2.877271e+05
2.708493e+05
2.639158e+05
2.482911e+05
2.389450e+05
3.546504e+05
3.454586e+05
3.189248e+05
3.234242e+05
3.086183e+05
2.907711e+05
4.442628e+05
3.902066e+05
3.954105e+05
3.622284e+05
3.426283e+05
3.417756e+05
4.850934e+05
4.853012e+05
4.657822e+05
4.363977e+05
4.065993e+05
3.962309e+05
6.066911e+05
5.562004e+05
5.144708e+05
5.038936e+05
4.778324e+05
4.635672e+05
