1.947880e+04
1.925756e+04
1.955152e+04
1.866550e+04
1.836285e+04
1.781093e+04
2.543075e+04
2.556572e+04
2.450309e+04
2.412328e+04
2.304848e+04
2.303820e+04
3.068333e+04
3.147359e+04
3.159408e+04
2.915721e+04
2.976356e+04
2.916013e+04
3.934777e+04
3.865057e+04
3.758368e+04
3.685449e+04
3.537709e+04
3.469243e+04
4.730653e+04
4.644306e+04
4.390623e+04
4.352450e+04
4.269927e+04
4.152833e+04
5.576289e+04
5.479480e+04
5.181269e+04
4.945813e+04
4.902664e+04
4.906369e+04
6.480733e+04
6.263894e+04
5.969260e+04
5.874062e+04
5.646914e+04
5.671282e+04
7.410223e+04
7.076811e+04
6.837488e+04
6.533962e+04
6.497380e+04
6.442968e+04
8.456703e+04
7.998701e+04
7.794016e+04
7.489218e+04
7.469052e+04
7.159945e+04
9.715593e+04
9.127519e+04
8.763419e+04
8.548923e+04
8.338244e+04
8.002618e+04
1.070070e+05
1.037127e+05
9.879514e+04
9.541913e+04
9.362443e+04
8.862478e+04
1.202424e+05
1.134338e+05
1.086099e+05
1.037705e+05
1.010925e+05
9.975289e+04
1.320096e+05
1.257669e+05
1.196819e+05
1.138289e+05
1.124955e+05
1.091936e+05
1.469250e+05
1.371741e+05
1.304065e+05
1.241379e+05
1.226157e+05
1.187771e+05
1.592531e+05
1.504930e+05
1.435291e+05
1.363293e+05
1.313999e+05
1.277635e+05
1.723862e+05
1.638220e+05
1.552953e+05
1.478662e+05
1.433353e+05
1.370374e+05
1.860426e+05
1.770402e+05
1.692665e+05
1.609999e+05
1.547449e+05
1.495195e+05
2.019051e+05
1.926298e+05
1.836199e+05
1.730107e+05
1.658753e+05
1.609681e+05
2.190154e+05
2.084636e+05
1.979798e+05
1.842331e+05
1.788342e+05
1.736728e+05
2.357846e+05
2.199199e+05
2.118584e+05
2.005983e+05
1.920176e+05
1.863406e+05
