5.530430e+04
5.812327e+04
5.763646e+04
5.295479e+04
5.364752e+04
5.366325e+04
9.470038e+04
8.815679e+04
9.176098e+04
8.801802e+04
8.425144e+04
8.545584e+04
1.387220e+05
1.307870e+05
1.227998e+05
1.279630e+05
1.264495e+05
1.207750e+05
1.813139e+05
1.748262e+05
1.664719e+05
1.642751e+05
1.617557e+05
1.613839e+05
2.439780e+05
2.204143e+05
2.160276e+05
2.175405e+05
1.986807e+05
1.945416e+05
3.040445e+05
2.923073e+05
2.731624e+05
2.586679e+05
2.446510e+05
2.385578e+05
3.840822e+05
3.501423e+05
3.306998e+05
3.195602e+05
2.841569e+05
2.908267e+05
4.471397e+05
4.192088e+05
3.843581e+05
3.672478e+05
3.559028e+05
3.474985e+05
5.264940e+05
4.843771e+05
4.620663e+05
4.500089e+05
4.162353e+05
4.164637e+05
6.056895e+05
5.599479e+05
5.144428e+05
5.068942e+05
4.914786e+05
4.623903e+05
