5.727026e+04
5.567706e+04
5.793568e+04
5.633633e+04
5.108638e+04
5.283100e+04
9.833682e+04
9.516589e+04
8.865540e+04
8.933374e+04
8.458368e+04
9.147480e+04
1.370788e+05
1.373535e+05
1.288754e+05
1.211740e+05
1.235210e+05
1.165186e+05
1.975339e+05
1.776736e+05
1.715418e+05
1.629705e+05
1.564064e+05
1.620339e+05
2.417034e+05
2.255742e+05
2.219592e+05
2.094131e+05
2.061869e+05
1.977334e+05
2.950109e+05
2.919751e+05
2.732021e+05
2.657212e+05
2.538968e+05
2.421650e+05
3.707763e+05
3.456952e+05
3.415461e+05
3.296997e+05
3.029873e+05
2.974237e+05
4.244182e+05
4.150193e+05
3.903603e+05
3.764628e+05
3.729857e+05
3.508613e+05
5.128566e+05
4.829034e+05
4.583463e+05
4.378377e+05
4.242155e+05
4.104332e+05
6.005070e+05
5.639031e+05
5.258378e+05
4.904138e+05
4.747900e+05
4.641055e+05
