5.749995e+04
5.729890e+04
6.109106e+04
5.485321e+04
5.357005e+04
5.859834e+04
9.218136e+04
9.209669e+04
8.497625e+04
9.183474e+04
8.163785e+04
8.280473e+04
1.303864e+05
1.308510e+05
1.245023e+05
1.174373e+05
1.193997e+05
1.198962e+05
1.763592e+05
1.806514e+05
1.668980e+05
1.563865e+05
1.588367e+05
1.624396e+05
2.462904e+05
2.371507e+05
2.141420e+05
2.098308e+05
2.032876e+05
2.037732e+05
3.009566e+05
2.956137e+05
2.685473e+05
2.594402e+05
2.623511e+05
2.645911e+05
3.618406e+05
3.404528e+05
3.139289e+05
3.136097e+05
2.904250e+05
2.957139e+05
4.283600e+05
4.134433e+05
3.897824e+05
3.716651e+05
3.453722e+05
3.559506e+05
5.132001e+05
4.825026e+05
4.590938e+05
4.159148e+05
4.018154e+05
4.048060e+05
6.042826e+05
5.666820e+05
5.275094e+05
4.980179e+05
4.572178e+05
4.752792e+05
