1.962285e+04
1.888900e+04
1.881335e+04
1.849930e+04
1.821651e+04
1.827523e+04
2.519896e+04
2.470815e+04
2.434463e+04
2.412930e+04
2.312765e+04
2.334871e+04
3.144155e+04
3.095248e+04
2.965747e+04
2.975435e+04
2.927512e+04
2.977428e+04
3.950444e+04
3.794763e+04
3.701432e+04
3.576230e+04
3.563426e+04
3.488475e+04
4.725978e+04
4.664823e+04
4.426785e+04
4.256517e+04
4.242361e+04
4.226735e+04
5.595229e+04
5.391996e+04
5.225255e+04
5.041989e+04
4.941570e+04
4.842100e+04
6.593963e+04
6.281834e+04
6.056614e+04
5.738078e+04
5.698296e+04
5.649016e+04
7.507002e+04
7.095833e+04
6.881006e+04
6.596559e+04
6.507279e+04
6.477909e+04
8.564810e+04
8.207235e+04
7.733664e+04
7.514118e+04
7.444030e+04
7.295264e+04
9.494970e+04
9.116406e+04
8.701886e+04
8.492395e+04
8.181905e+04
7.930127e+04
1.081271e+05
1.023435e+05
9.789536e+04
9.386780e+04
9.068922e+04
8.872346e+04
1.200708e+05
1.140362e+05
1.071070e+05
1.042161e+05
1.011154e+05
9.736613e+04
1.325283e+05
1.251100e+05
1.212329e+05
1.141854e+05
1.110820e+05
1.093247e+05
1.440180e+05
1.386350e+05
1.314703e+05
1.251083e+05
1.225501e+05
1.191393e+05
1.592339e+05
1.542826e+05
1.423520e+05
1.372194e+05
1.313991e+05
1.301188e+05
1.747414e+05
1.661744e+05
1.535810e+05
1.477671e+05
1.413381e+05
1.406435e+05
1.888203e+05
1.774483e+05
1.664944e+05
1.598565e+05
1.530221e+05
1.509007e+05
2.074301e+05
1.895286e+05
1.807116e+05
1.736820e+05
1.679389e+05
1.587282e+05
2.186003e+05
2.067770e+05
1.944876e+05
1.872032e+05
1.781187e+05
1.711707e+05
2.357152e+05
2.210586e+05
2.115566e+05
2.001957e+05
1.912911e+05
1.844973e+05
