5.752984e+04
5.833697e+04
5.395114e+04
5.300568e+04
5.222091e+04
5.346739e+04
9.323821e+04
9.162859e+04
9.277381e+04
8.476596e+04
8.874844e+04
8.822659e+04
1.389033e+05
1.298050e+05
1.301919e+05
1.233585e+05
1.190919e+05
1.220852e+05
1.839469e+05
1.758837e+05
1.815206e+05
1.724544e+05
1.529088e+05
1.532954e+05
2.400169e+05
2.191838e+05
2.220139e+05
2.119237e+05
2.069140e+05
2.041687e+05
2.950741e+05
2.776828e+05
2.778685e+05
2.585654e+05
2.556563e+05
2.472658e+05
3.538051e+05
3.396764e+05
3.304660e+05
3.138986e+05
3.060544e+05
3.018054e+05
4.441519e+05
4.063495e+05
4.015508e+05
3.730437e+05
3.519784e+05
3.460237e+05
5.147044e+05
4.799418e+05
4.556174e+05
4.492818e+05
4.204187e+05
3.979221e+05
6.160140e+05
5.532653e+05
5.478891e+05
4.965296e+05
4.661362e+05
4.412211e+05
