5.568007e+04
6.002895e+04
5.493045e+04
5.329904e+04
5.220349e+04
5.553622e+04
9.335590e+04
9.009399e+04
8.764193e+04
8.729543e+04
8.599271e+04
8.242700e+04
1.354534e+05
1.259943e+05
1.255043e+05
1.217631e+05
1.248093e+05
1.284786e+05
1.794327e+05
1.675295e+05
1.663484e+05
1.626859e+05
1.692644e+05
1.683594e+05
2.345293e+05
2.194687e+05
2.271349e+05
2.088883e+05
2.115654e+05
2.077245e+05
2.967981e+05
2.875218e+05
2.744162e+05
2.580363e+05
2.561495e+05
2.508607e+05
3.626224e+05
3.461959e+05
3.409444e+05
3.212702e+05
3.081333e+05
3.095174e+05
4.477612e+05
4.250201e+05
4.023583e+05
3.731250e+05
3.646409e+05
3.591630e+05
5.227652e+05
4.990999e+05
4.691471e+05
4.367834e+05
4.009069e+05
4.065837e+05
6.070980e+05
5.578395e+05
5.378477e+05
4.902516e+05
4.584110e+05
4.543960e+05
