5.741889e+04
5.878745e+04
5.596731e+04
5.402931e+04
5.663563e+04
5.521604e+04
9.452660e+04
9.140097e+04
8.762693e+04
8.606061e+04
8.609196e+04
8.803738e+04
1.333052e+05
1.262941e+05
1.218138e+05
1.170990e+05
1.172675e+05
1.204385e+05
1.849816e+05
1.735196e+05
1.677071e+05
1.582876e+05
1.574640e+05
1.689601e+05
2.308526e+05
2.266602e+05
2.152203e+05
2.126464e+05
2.033313e+05
2.072479e+05
3.014428e+05
2.835584e+05
2.707150e+05
2.607477e+05
2.565156e+05
2.540582e+05
3.590536e+05
3.514332e+05
3.269357e+05
3.260100e+05
2.973815e+05
3.113203e+05
4.263402e+05
4.171523e+05
3.835121e+05
3.684447e+05
3.661968e+05
3.704567e+05
5.261754e+05
4.782109e+05
4.522090e+05
4.328928e+05
4.203641e+05
4.292066e+05
6.047191e+05
5.674781e+05
5.346075e+05
4.978575e+05
4.952510e+05
4.718107e+05
