1.976306e+04
1.980400e+04
1.895524e+04
1.874918e+04
1.865912e+04
1.871913e+04
2.633760e+04
2.525225e+04
2.482165e+04
2.428243e+04
2.380135e+04
2.341808e+04
3.227043e+04
3.112996e+04
3.045701e+04
2.941738e+04
2.867978e+04
2.876267e+04
3.970314e+04
3.794915e+04
3.631949e+04
3.591589e+04
3.476402e+04
3.501072e+04
4.765901e+04
4.535121e+04
4.378309e+04
4.293797e+04
4.129808e+04
4.172841e+04
5.583604e+04
5.303829e+04
5.047635e+04
4.967962e+04
4.989985e+04
4.853320e+04
6.511357e+04
6.175405e+04
5.915110e+04
5.782098e+04
5.792620e+04
5.614901e+04
7.504741e+04
7.062488e+04
6.723127e+04
6.681569e+04
6.525177e+04
6.454433e+04
8.419766e+04
8.105874e+04
7.751004e+04
7.544582e+04
7.438554e+04
7.315716e+04
9.566916e+04
9.208255e+04
8.716797e+04
8.525836e+04
8.243323e+04
8.239497e+04
1.063370e+05
1.044041e+05
9.743028e+04
9.498528e+04
9.182706e+04
9.122797e+04
1.198355e+05
1.160535e+05
1.102783e+05
1.042903e+05
1.005338e+05
9.975970e+04
1.304592e+05
1.273986e+05
1.202157e+05
1.140496e+05
1.111018e+05
1.098992e+05
1.434626e+05
1.391258e+05
1.320074e+05
1.257447e+05
1.219941e+05
1.199029e+05
1.570075e+05
1.500302e+05
1.436253e+05
1.361874e+05
1.339268e+05
1.298356e+05
1.756965e+05
1.615055e+05
1.534012e+05
1.474216e+05
1.437476e+05
1.389496e+05
1.870883e+05
1.769654e+05
1.674158e+05
1.600285e+05
1.567053e+05
1.516603e+05
2.059832e+05
1.907616e+05
1.820678e+05
1.722934e+05
1.663214e+05
1.619247e+05
2.218403e+05
2.061933e+05
1.977020e+05
1.861646e+05
1.793149e+05
1.693837e+05
2.356136e+05
2.199424e+05
2.112696e+05
1.984815e+05
1.888586e+05
1.846488e+05
