5.584425e+04
5.589961e+04
5.698755e+04
5.187968e+04
5.196070e+04
5.571648e+04
9.408256e+04
9.149916e+04
8.447734e+04
8.693769e+04
8.319190e+04
8.274096e+04
1.365168e+05
1.292304e+05
1.277090e+05
1.243559e+05
1.219148e+05
1.219427e+05
1.800119e+05
1.711036e+05
1.601108e+05
1.604165e+05
1.618358e+05
1.611432e+05
2.419530e+05
2.216884e+05
2.229633e+05
2.067256e+05
1.994452e+05
2.034674e+05
2.967258e+05
2.691254e+05
2.580823e+05
2.579006e+05
2.410160e+05
2.460625e+05
3.671110e+05
3.430426e+05
3.205897e+05
3.048785e+05
2.962678e+05
3.012680e+05
4.222916e+05
4.084202e+05
3.804808e+05
3.775355e+05
3.708382e+05
3.598191e+05
5.001677e+05
4.862674e+05
4.619019e+05
4.359293e+05
4.150869e+05
4.071122e+05
6.011761e+05
5.778756e+05
5.373234e+05
5.197534e+05
4.763608e+05
4.565119e+05
