5.668225e+04
5.808352e+04
5.288927e+04
5.564993e+04
5.463201e+04
5.361658e+04
8.583654e+04
9.038137e+04
8.796159e+04
8.714825e+04
8.144205e+04
8.306052e+04
1.329633e+05
1.290925e+05
1.222147e+05
1.171045e+05
1.188747e+05
1.141226e+05
1.821608e+05
1.731044e+05
1.754633e+05
1.605439e+05
1.575608e+05
1.586986e+05
2.407094e+05
2.433521e+05
2.267601e+05
2.148002e+05
2.044426e+05
2.005669e+05
2.978224e+05
2.814332e+05
2.789471e+05
2.650117e+05
2.576248e+05
2.535796e+05
3.720519e+05
3.368213e+05
3.184248e+05
3.010318e+05
3.020452e+05
2.938071e+05
4.268287e+05
3.978053e+05
3.966778e+05
3.751814e+05
3.612644e+05
3.417518e+05
5.191222e+05
4.795405e+05
4.611446e+05
4.193209e+05
4.240133e+05
3.999510e+05
6.059858e+05
5.471836e+05
5.070418e+05
4.942468e+05
4.723798e+05
4.689125e+05
