1.974423e+04
1.974558e+04
1.906554e+04
1.873586e+04
1.851818e+04
1.802217e+04
2.593190e+04
2.438801e+04
2.445439e+04
2.337817e+04
2.318919e+04
2.367200e+04
3.182598e+04
3.067678e+04
3.054125e+04
2.984874e+04
2.943110e+04
2.943909e+04
3.910856e+04
3.807263e+04
3.661081e+04
3.639516e+04
3.556899e+04
3.528881e+04
4.653802e+04
4.505880e+04
4.341012e+04
4.300133e+04
4.211991e+04
4.231769e+04
5.646381e+04
5.396009e+04
5.125615e+04
5.032779e+04
5.065276e+04
4.839121e+04
6.500737e+04
6.126940e+04
5.884176e+04
5.901458e+04
5.738535e+04
5.590689e+04
7.694034e+04
7.099651e+04
6.825216e+04
6.710931e+04
6.497819e+04
6.361428e+04
8.611434e+04
8.021486e+04
7.737011e+04
7.642090e+04
7.315441e+04
7.097331e+04
9.687622e+04
9.001770e+04
8.859672e+04
8.449379e+04
8.292511e+04
7.820161e+04
1.079790e+05
1.025877e+05
9.828807e+04
9.468552e+04
9.173507e+04
9.079669e+04
1.212460e+05
1.125584e+05
1.082825e+05
1.037028e+05
1.027511e+05
1.003270e+05
1.327763e+05
1.251125e+05
1.203326e+05
1.143590e+05
1.130094e+05
1.104647e+05
1.445625e+05
1.382573e+05
1.310510e+05
1.252132e+05
1.235003e+05
1.197009e+05
1.577596e+05
1.505736e+05
1.420269e+05
1.377269e+05
1.336578e+05
1.310437e+05
1.732273e+05
1.648295e+05
1.568369e+05
1.505200e+05
1.437972e+05
1.421036e+05
1.875412e+05
1.770606e+05
1.672368e+05
1.599426e+05
1.564700e+05
1.523146e+05
2.111904e+05
1.915467e+05
1.809685e+05
1.730956e+05
1.646474e+05
1.624000e+05
2.206033e+05
2.047060e+05
1.939110e+05
1.833802e+05
1.777219e+05
1.718238e+05
2.393100e+05
2.209911e+05
2.093814e+05
1.967694e+05
1.878737e+05
1.829721e+05
