1.950909e+04
1.885418e+04
1.886039e+04
1.844187e+04
1.869139e+04
1.821948e+04
2.459181e+04
2.446725e+04
2.402076e+04
2.333206e+04
2.387187e+04
2.350524e+04
3.213981e+04
3.045897e+04
3.032673e+04
3.038008e+04
2.935395e+04
2.929505e+04
3.933360e+04
3.747943e+04
3.660853e+04
3.644686e+04
3.593481e+04
3.525000e+04
4.779757e+04
4.543456e+04
4.446166e+04
4.319936e+04
4.177502e+04
4.212209e+04
5.524480e+04
5.459109e+04
5.075576e+04
5.116282e+04
4.886932e+04
4.923683e+04
6.505654e+04
6.228738e+04
5.968148e+04
5.845603e+04
5.634902e+04
5.626196e+04
7.453120e+04
7.178770e+04
6.756931e+04
6.607337e+04
6.536037e+04
6.487874e+04
8.437409e+04
8.133200e+04
7.696116e+04
7.462018e+04
7.320755e+04
7.217811e+04
9.360521e+04
9.142686e+04
8.543093e+04
8.451081e+04
8.324471e+04
8.171897e+04
1.066774e+05
1.029500e+05
9.730906e+04
9.453494e+04
9.226147e+04
9.029337e+04
1.186719e+05
1.136849e+05
1.077299e+05
1.042864e+05
1.014911e+05
9.880793e+04
1.336619e+05
1.260982e+05
1.199874e+05
1.155178e+05
1.122146e+05
1.118613e+05
1.459558e+05
1.398616e+05
1.298091e+05
1.258570e+05
1.219715e+05
1.202616e+05
1.598026e+05
1.533719e+05
1.458349e+05
1.373712e+05
1.323592e+05
1.307073e+05
1.742484e+05
1.646874e+05
1.570877e+05
1.479258e+05
1.426990e+05
1.402411e+05
1.861515e+05
1.801470e+05
1.703757e+05
1.607597e+05
1.538438e+05
1.500066e+05
2.023674e+05
1.944800e+05
1.824084e+05
1.726570e+05
1.680133e+05
1.604836e+05
2.212044e+05
2.091902e+05
1.968089e+05
1.852946e+05
1.805018e+05
1.736408e+05
2.344559e+05
2.220888e+05
2.110819e+05
1.981348e+05
1.929641e+05
1.832338e+05
