5.852411e+04
5.394171e+04
5.581553e+04
5.558448e+04
5.202798e+04
5.613548e+04
9.170362e+04
8.867668e+04
9.282272e+04
8.735871e+04
8.202355e+04
8.227115e+04
1.355707e+05
1.345495e+05
1.259970e+05
1.244726e+05
1.301263e+05
1.205582e+05
1.840824e+05
1.720533e+05
1.738944e+05
1.635806e+05
1.695653e+05
1.538577e+05
2.292228e+05
2.148095e+05
2.255111e+05
2.110837e+05
2.059096e+05
2.026549e+05
2.936503e+05
2.833112e+05
2.735123e+05
2.683420e+05
2.554779e+05
2.471205e+05
3.571877e+05
3.436646e+05
3.373934e+05
3.244544e+05
3.078242e+05
2.999800e+05
4.342922e+05
4.042799e+05
4.029537e+05
3.740742e+05
3.651747e+05
3.563912e+05
5.100968e+05
4.836704e+05
4.730121e+05
4.475179e+05
4.077443e+05
4.160732e+05
5.905674e+05
5.654760e+05
5.238611e+05
5.200227e+05
4.782995e+05
4.693339e+05
