1.931242e+04
1.950019e+04
1.838420e+04
1.836031e+04
1.802606e+04
1.824825e+04
2.575294e+04
2.516203e+04
2.426780e+04
2.357545e+04
2.390862e+04
2.321431e+04
3.179991e+04
3.146932e+04
3.002251e+04
2.908120e+04
2.878792e+04
2.906307e+04
3.914862e+04
3.819403e+04
3.657902e+04
3.584795e+04
3.512414e+04
3.621246e+04
4.716125e+04
4.529645e+04
4.363166e+04
4.298874e+04
4.267328e+04
4.304363e+04
5.603632e+04
5.418819e+04
5.253634e+04
5.093695e+04
4.940159e+04
4.934737e+04
6.575647e+04
6.428001e+04
6.073671e+04
5.950296e+04
5.671819e+04
5.641010e+04
7.531567e+04
7.144182e+04
6.959559e+04
6.788377e+04
6.597691e+04
6.450130e+04
8.466896e+04
8.091424e+04
7.876290e+04
7.658696e+04
7.234960e+04
7.107022e+04
9.575039e+04
9.270679e+04
8.900283e+04
8.659436e+04
8.251218e+04
7.924426e+04
1.079985e+05
1.025545e+05
9.804110e+04
9.498653e+04
9.025947e+04
8.930349e+04
1.207387e+05
1.149329e+05
1.095591e+05
1.052986e+05
1.015537e+05
9.692249e+04
1.323174e+05
1.283220e+05
1.185940e+05
1.132593e+05
1.097380e+05
1.072044e+05
1.467561e+05
1.375480e+05
1.312900e+05
1.247355e+05
1.204347e+05
1.174671e+05
1.603258e+05
1.528506e+05
1.441166e+05
1.373334e+05
1.304919e+05
1.268118e+05
1.728661e+05
1.627751e+05
1.568382e+05
1.460239e+05
1.405265e+05
1.380153e+05
1.894475e+05
1.768381e+05
1.667880e+05
1.580680e+05
1.533383e+05
1.485290e+05
2.060720e+05
1.933744e+05
1.818406e+05
1.709262e+05
1.633873e+05
1.572543e+05
2.207837e+05
2.074654e+05
1.982890e+05
1.859430e+05
1.766565e+05
1.696144e+05
2.344741e+05
2.226466e+05
2.111341e+05
1.978890e+05
1.894993e+05
1.835404e+05
