5.793233e+04
6.095231e+04
5.440475e+04
5.630598e+04
5.431182e+04
5.744370e+04
9.000183e+04
9.447919e+04
8.564974e+04
8.782323e+04
8.714610e+04
8.154055e+04
1.307166e+05
1.314101e+05
1.230712e+05
1.173435e+05
1.180421e+05
1.210356e+05
1.796781e+05
1.817114e+05
1.710788e+05
1.621878e+05
1.570160e+05
1.612938e+05
2.306019e+05
2.265059e+05
2.142630e+05
2.055319e+05
2.060469e+05
1.947564e+05
2.925635e+05
2.784633e+05
2.713027e+05
2.539807e+05
2.458780e+05
2.463145e+05
3.657232e+05
3.579739e+05
3.271096e+05
3.088717e+05
3.025993e+05
2.977880e+05
4.394238e+05
3.994938e+05
3.966669e+05
3.717098e+05
3.508857e+05
3.608312e+05
5.238143e+05
4.840369e+05
4.587748e+05
4.373833e+05
4.086134e+05
4.135744e+05
6.044605e+05
5.641090e+05
5.355455e+05
5.053185e+05
4.786447e+05
4.734161e+05
