6.099053e+04
5.575124e+04
5.945567e+04
5.257884e+04
5.042370e+04
5.457296e+04
9.006764e+04
8.755439e+04
8.907828e+04
9.185402e+04
8.462883e+04
7.894666e+04
1.303035e+05
1.284966e+05
1.275144e+05
1.275900e+05
1.173731e+05
1.175550e+05
1.889353e+05
1.781338e+05
1.721063e+05
1.648462e+05
1.573483e+05
1.565721e+05
2.394620e+05
2.249416e+05
2.164743e+05
2.132057e+05
1.965796e+05
2.036902e+05
3.048676e+05
2.850867e+05
2.759590e+05
2.682822e+05
2.516998e+05
2.495861e+05
3.659327e+05
3.455701e+05
3.391706e+05
3.163834e+05
3.125604e+05
3.053154e+05
4.355492e+05
4.063593e+05
3.863119e+05
3.758199e+05
3.493024e+05
3.472056e+05
5.374149e+05
4.830391e+05
4.401783e+05
4.180556e+05
4.098481e+05
4.174477e+05
5.765613e+05
5.711361e+05
5.251819e+05
4.892409e+05
4.716402e+05
4.659611e+05
