1.372028e+04
1.388657e+04
1.446400e+04
1.345165e+04
1.361493e+04
1.309748e+04
2.248660e+04
2.224179e+04
2.232853e+04
2.194723e+04
2.057752e+04
2.112708e+04
3.477615e+04
3.162383e+04
3.119036e+04
3.195195e+04
3.081916e+04
2.895472e+04
4.434227e+04
4.496833e+04
4.457510e+04
4.370677e+04
4.100419e+04
3.914422e+04
6.224898e+04
5.809805e+04
5.542171e+04
5.285669e+04
5.193249e+04
4.937327e+04
7.577132e+04
7.245668e+04
6.877935e+04
6.931785e+04
6.427914e+04
6.370751e+04
9.354197e+04
8.811658e+04
8.504712e+04
7.988470e+04
7.770697e+04
7.586304e+04
1.095029e+05
1.051908e+05
9.624784e+04
9.647540e+04
9.243168e+04
9.170468e+04
1.280535e+05
1.192403e+05
1.141855e+05
1.113478e+05
1.101918e+05
1.078532e+05
1.515094e+05
1.441112e+05
1.341214e+05
1.290843e+05
1.255296e+05
1.231865e+05
