5.667917e+04
5.825488e+04
5.887731e+04
5.608141e+04
5.139754e+04
5.310693e+04
9.445167e+04
9.402766e+04
8.979224e+04
8.986854e+04
8.346648e+04
7.779061e+04
1.399801e+05
1.307236e+05
1.232947e+05
1.158073e+05
1.289677e+05
1.173274e+05
1.826135e+05
1.757154e+05
1.676956e+05
1.604843e+05
1.590062e+05
1.581650e+05
2.339421e+05
2.242629e+05
2.115302e+05
2.072459e+05
2.016917e+05
2.003653e+05
2.907583e+05
2.772885e+05
2.692389e+05
2.576066e+05
2.453890e+05
2.445003e+05
3.638208e+05
3.504500e+05
3.246851e+05
3.060256e+05
3.025831e+05
2.918856e+05
4.346688e+05
4.159746e+05
3.795185e+05
3.804932e+05
3.650039e+05
3.314071e+05
5.275954e+05
4.954775e+05
4.426281e+05
4.163863e+05
4.013217e+05
3.892109e+05
6.120580e+05
5.529900e+05
5.232618e+05
4.929377e+05
4.568997e+05
4.549356e+05
