1.984726e+04
1.953033e+04
1.915340e+04
1.911820e+04
1.847011e+04
1.835408e+04
2.584701e+04
2.502207e+04
2.446937e+04
2.446712e+04
2.350725e+04
2.345709e+04
3.182914e+04
3.062275e+04
3.049781e+04
2.968510e+04
2.912531e+04
2.893794e+04
3.854080e+04
3.770771e+04
3.759741e+04
3.638191e+04
3.508057e+04
3.422465e+04
4.617525e+04
4.589527e+04
4.367758e+04
4.246592e+04
4.249345e+04
4.066555e+04
5.666127e+04
5.437892e+04
5.058670e+04
5.019747e+04
4.900503e+04
4.715986e+04
6.427669e+04
6.274098e+04
5.873399e+04
5.775466e+04
5.838996e+04
5.583897e+04
7.484814e+04
6.971561e+04
6.860085e+04
6.491219e+04
6.514535e+04
6.467983e+04
8.537029e+04
8.092406e+04
7.832432e+04
7.674062e+04
7.437301e+04
7.292031e+04
9.663425e+04
9.082838e+04
8.845074e+04
8.592385e+04
8.259748e+04
8.280303e+04
1.088349e+05
1.030340e+05
9.744723e+04
9.500983e+04
9.169082e+04
9.004420e+04
1.202067e+05
1.142424e+05
1.084410e+05
1.060960e+05
1.017730e+05
1.002929e+05
1.320035e+05
1.250527e+05
1.203391e+05
1.173519e+05
1.116664e+05
1.074198e+05
1.447798e+05
1.410377e+05
1.317269e+05
1.268360e+05
1.218497e+05
1.175246e+05
1.622020e+05
1.526974e+05
1.430946e+05
1.363083e+05
1.316215e+05
1.290358e+05
1.721775e+05
1.635746e+05
1.546516e+05
1.473998e+05
1.413122e+05
1.414099e+05
1.879773e+05
1.781082e+05
1.674978e+05
1.616107e+05
1.530852e+05
1.516919e+05
1.999470e+05
1.902317e+05
1.821813e+05
1.730020e+05
1.660066e+05
1.639576e+05
2.187120e+05
2.087042e+05
1.956246e+05
1.873298e+05
1.774592e+05
1.777542e+05
2.374191e+05
2.203501e+05
2.084796e+05
1.975730e+05
1.901843e+05
1.838772e+05
