5.667225e+04
6.027606e+04
5.396503e+04
5.612969e+04
5.256444e+04
5.646421e+04
8.874820e+04
9.027488e+04
9.363147e+04
8.558592e+04
8.243333e+04
8.254393e+04
1.353500e+05
1.354047e+05
1.258718e+05
1.182340e+05
1.135264e+05
1.176926e+05
1.841667e+05
1.759688e+05
1.717988e+05
1.550263e+05
1.522163e+05
1.575719e+05
2.494087e+05
2.247193e+05
2.242171e+05
2.014134e+05
1.943689e+05
1.942526e+05
2.974323e+05
2.876265e+05
2.752618e+05
2.599800e+05
2.504544e+05
2.433810e+05
3.643817e+05
3.294794e+05
3.264782e+05
3.032411e+05
2.970460e+05
2.902264e+05
4.449348e+05
3.987014e+05
3.930053e+05
3.692999e+05
3.594106e+05
3.461228e+05
5.170609e+05
4.837177e+05
4.576229e+05
4.411674e+05
4.088664e+05
4.063265e+05
5.971276e+05
5.666800e+05
5.357531e+05
4.966481e+05
4.879785e+05
4.564868e+05
