1.967164e+04
1.913040e+04
1.913801e+04
1.860798e+04
1.803318e+04
1.779574e+04
2.607982e+04
2.519952e+04
2.427070e+04
2.413227e+04
2.347996e+04
2.308623e+04
3.192004e+04
3.088833e+04
2.950182e+04
2.972785e+04
2.933425e+04
2.864019e+04
3.971187e+04
3.841081e+04
3.759526e+04
3.622675e+04
3.571752e+04
3.463405e+04
4.743991e+04
4.601013e+04
4.418582e+04
4.424576e+04
4.181765e+04
4.155436e+04
5.557230e+04
5.285509e+04
5.173135e+04
5.006361e+04
4.878369e+04
4.819796e+04
6.296951e+04
6.164066e+04
5.913651e+04
5.864318e+04
5.784817e+04
5.631051e+04
7.367095e+04
7.130571e+04
6.906204e+04
6.712553e+04
6.468763e+04
6.360060e+04
8.325040e+04
8.035575e+04
7.938013e+04
7.479986e+04
7.293275e+04
7.187197e+04
9.317962e+04
9.195065e+04
8.948571e+04
8.480571e+04
8.205648e+04
8.220589e+04
1.048407e+05
1.028869e+05
9.933006e+04
9.476050e+04
9.075462e+04
9.040090e+04
1.177229e+05
1.132226e+05
1.093313e+05
1.034673e+05
1.015433e+05
1.010035e+05
1.324702e+05
1.255821e+05
1.195368e+05
1.155775e+05
1.110864e+05
1.097357e+05
1.458234e+05
1.410454e+05
1.317193e+05
1.262053e+05
1.229349e+05
1.180248e+05
1.602587e+05
1.534655e+05
1.435401e+05
1.376042e+05
1.326904e+05
1.289843e+05
1.761715e+05
1.662800e+05
1.549580e+05
1.476342e+05
1.407772e+05
1.396096e+05
1.918960e+05
1.811685e+05
1.685578e+05
1.593463e+05
1.543259e+05
1.500848e+05
2.103221e+05
1.938599e+05
1.826536e+05
1.736287e+05
1.667517e+05
1.615726e+05
2.218959e+05
2.074936e+05
1.967768e+05
1.873518e+05
1.778807e+05
1.724062e+05
2.383966e+05
2.236236e+05
2.088660e+05
2.005161e+05
1.914284e+05
1.852336e+05
