5.673390e+04
5.518482e+04
5.666320e+04
5.379701e+04
5.050955e+04
5.263175e+04
8.797791e+04
8.664019e+04
9.035842e+04
8.916487e+04
8.293501e+04
8.436429e+04
1.332385e+05
1.270165e+05
1.309546e+05
1.200863e+05
1.190056e+05
1.160764e+05
1.811920e+05
1.810951e+05
1.665164e+05
1.663243e+05
1.549319e+05
1.524750e+05
2.421223e+05
2.281499e+05
2.132853e+05
2.097112e+05
2.101506e+05
2.013014e+05
2.939891e+05
2.871640e+05
2.748026e+05
2.605094e+05
2.536321e+05
2.538313e+05
3.611783e+05
3.481607e+05
3.236951e+05
3.052586e+05
3.143914e+05
3.099612e+05
4.505421e+05
3.993268e+05
3.856153e+05
3.764168e+05
3.654959e+05
3.509885e+05
5.393160e+05
4.739563e+05
4.612325e+05
4.235039e+05
4.286556e+05
4.152355e+05
6.156942e+05
5.670995e+05
5.218996e+05
4.856437e+05
5.029423e+05
4.580629e+05
