1.418654e+04
1.468206e+04
1.485919e+04
1.477797e+04
1.406558e+04
1.436833e+04
2.397526e+04
2.337053e+04
2.340769e+04
2.200939e+04
2.096454e+04
2.186663e+04
3.427956e+04
3.327422e+04
3.336479e+04
3.145968e+04
3.080728e+04
3.025845e+04
4.718482e+04
4.551553e+04
4.239337e+04
4.155400e+04
4.166326e+04
4.078207e+04
5.995682e+04
5.599900e+04
5.445025e+04
5.341477e+04
5.540854e+04
5.161489e+04
7.835557e+04
7.421324e+04
6.788585e+04
6.605817e+04
6.439834e+04
6.171273e+04
9.317247e+04
8.916980e+04
8.096786e+04
7.824501e+04
7.663011e+04
7.217078e+04
1.103408e+05
1.052668e+05
9.886576e+04
9.518006e+04
9.069904e+04
8.816153e+04
1.274717e+05
1.252374e+05
1.191322e+05
1.101214e+05
1.074536e+05
1.042930e+05
1.572782e+05
1.453606e+05
1.362322e+05
1.253632e+05
1.213449e+05
1.151211e+05
