5.640381e+04
5.842699e+04
6.042475e+04
5.302762e+04
5.217408e+04
5.220744e+04
9.133753e+04
8.216274e+04
8.499087e+04
8.448217e+04
8.409204e+04
8.189272e+04
1.319365e+05
1.240339e+05
1.236532e+05
1.195011e+05
1.217512e+05
1.165668e+05
1.767144e+05
1.709634e+05
1.657071e+05
1.619299e+05
1.504666e+05
1.621676e+05
2.240407e+05
2.150567e+05
2.093185e+05
1.997839e+05
1.929980e+05
2.021298e+05
2.980441e+05
2.802710e+05
2.615484e+05
2.560199e+05
2.433282e+05
2.440180e+05
3.604287e+05
3.383777e+05
3.198407e+05
3.096998e+05
2.957007e+05
2.852412e+05
4.397958e+05
4.115366e+05
3.804750e+05
3.583495e+05
3.477150e+05
3.487613e+05
5.172014e+05
4.859497e+05
4.380319e+05
4.347075e+05
4.003746e+05
3.997385e+05
6.162660e+05
5.540266e+05
5.160609e+05
4.859191e+05
4.854065e+05
4.435425e+05
