1.985193e+04
1.906145e+04
1.875373e+04
1.893063e+04
1.869510e+04
1.815783e+04
2.571836e+04
2.487066e+04
2.415867e+04
2.411133e+04
2.345977e+04
2.367526e+04
3.205932e+04
3.141661e+04
3.011916e+04
2.970314e+04
2.923564e+04
2.977925e+04
3.871532e+04
3.830823e+04
3.689432e+04
3.526680e+04
3.605377e+04
3.543838e+04
4.750850e+04
4.545681e+04
4.319089e+04
4.324147e+04
4.213303e+04
4.197819e+04
5.437868e+04
5.341990e+04
5.156471e+04
5.027684e+04
5.057965e+04
4.894252e+04
6.429945e+04
6.074354e+04
5.907831e+04
5.832021e+04
5.743697e+04
5.559600e+04
7.320351e+04
7.090690e+04
6.928476e+04
6.687421e+04
6.564080e+04
6.347154e+04
8.488806e+04
8.033455e+04
7.784841e+04
7.571114e+04
7.448638e+04
7.216648e+04
9.430671e+04
9.160007e+04
8.966446e+04
8.467120e+04
8.437372e+04
8.132527e+04
1.076974e+05
1.019903e+05
9.904495e+04
9.332418e+04
9.240963e+04
9.213807e+04
1.187096e+05
1.145881e+05
1.102576e+05
1.055800e+05
1.026919e+05
9.920596e+04
1.333072e+05
1.275448e+05
1.195302e+05
1.151370e+05
1.119489e+05
1.118348e+05
1.463941e+05
1.404834e+05
1.336185e+05
1.252761e+05
1.208946e+05
1.203827e+05
1.596961e+05
1.505665e+05
1.451421e+05
1.375084e+05
1.311113e+05
1.298392e+05
1.733526e+05
1.646455e+05
1.555637e+05
1.485811e+05
1.437525e+05
1.406541e+05
1.878988e+05
1.776346e+05
1.701049e+05
1.628879e+05
1.554410e+05
1.505488e+05
2.041430e+05
1.893254e+05
1.814349e+05
1.733024e+05
1.654973e+05
1.612380e+05
2.224393e+05
2.049561e+05
1.936361e+05
1.863467e+05
1.785553e+05
1.743493e+05
2.370925e+05
2.221473e+05
2.048995e+05
1.998652e+05
1.892897e+05
1.853097e+05
