1.981152e+04
1.925163e+04
1.888597e+04
1.877840e+04
1.844474e+04
1.827305e+04
2.593095e+04
2.460518e+04
2.457584e+04
2.369298e+04
2.337847e+04
2.344093e+04
3.216512e+04
3.075150e+04
3.118620e+04
2.987719e+04
2.879033e+04
2.842922e+04
3.916015e+04
3.791636e+04
3.649623e+04
3.586188e+04
3.488623e+04
3.520029e+04
4.774706e+04
4.593226e+04
4.436182e+04
4.290847e+04
4.193200e+04
4.118687e+04
5.547087e+04
5.309731e+04
5.201624e+04
4.987188e+04
4.913892e+04
4.773595e+04
6.511526e+04
6.185777e+04
5.953344e+04
5.768271e+04
5.712555e+04
5.522482e+04
7.613296e+04
7.098574e+04
6.830024e+04
6.738419e+04
6.544361e+04
6.252402e+04
8.641972e+04
8.032846e+04
7.589736e+04
7.561884e+04
7.314107e+04
7.205381e+04
9.690524e+04
9.136159e+04
8.806677e+04
8.449707e+04
8.207181e+04
8.063103e+04
1.083889e+05
1.020266e+05
9.611064e+04
9.482078e+04
9.106780e+04
8.985328e+04
1.179780e+05
1.120988e+05
1.088478e+05
1.057262e+05
9.955431e+04
9.978682e+04
1.310042e+05
1.250557e+05
1.188121e+05
1.144415e+05
1.114333e+05
1.088494e+05
1.469060e+05
1.387261e+05
1.318087e+05
1.252589e+05
1.226672e+05
1.195054e+05
1.605475e+05
1.515979e+05
1.452422e+05
1.377017e+05
1.328305e+05
1.300435e+05
1.762030e+05
1.662895e+05
1.557757e+05
1.493761e+05
1.462536e+05
1.397016e+05
1.890614e+05
1.790164e+05
1.664288e+05
1.607353e+05
1.557980e+05
1.506549e+05
2.065175e+05
1.926329e+05
1.795465e+05
1.708974e+05
1.654557e+05
1.591549e+05
2.239235e+05
2.061556e+05
1.948230e+05
1.835725e+05
1.763595e+05
1.709637e+05
2.373677e+05
2.250382e+05
2.092941e+05
1.970698e+05
1.900889e+05
1.830956e+05
