5.775063e+04
5.830070e+04
5.839223e+04
5.150837e+04
5.396856e+04
5.575998e+04
9.291678e+04
8.661651e+04
9.030835e+04
8.637028e+04
8.637246e+04
8.381275e+04
1.325800e+05
1.243208e+05
1.286631e+05
1.212726e+05
1.236336e+05
1.274460e+05
1.857069e+05
1.634978e+05
1.636920e+05
1.615311e+05
1.628423e+05
1.607752e+05
2.362506e+05
2.198664e+05
2.142686e+05
2.000034e+05
2.162586e+05
2.100293e+05
3.022437e+05
2.910131e+05
2.675161e+05
2.644015e+05
2.587859e+05
2.532667e+05
3.838703e+05
3.459963e+05
3.398562e+05
3.082875e+05
3.039780e+05
3.033411e+05
4.548226e+05
4.087315e+05
3.973254e+05
3.753752e+05
3.618370e+05
3.647518e+05
5.149109e+05
4.774227e+05
4.521831e+05
4.344178e+05
4.130170e+05
4.179071e+05
6.032088e+05
5.499211e+05
5.107611e+05
5.093414e+05
4.695078e+05
4.772582e+05
