5.556321e+04
5.697265e+04
5.786079e+04
5.369719e+04
5.427680e+04
5.402344e+04
9.070075e+04
8.713527e+04
8.648687e+04
8.062379e+04
8.220576e+04
8.623760e+04
1.306590e+05
1.245063e+05
1.251087e+05
1.197467e+05
1.173139e+05
1.205551e+05
1.809513e+05
1.700262e+05
1.757873e+05
1.617207e+05
1.571770e+05
1.531993e+05
2.379869e+05
2.297033e+05
2.120071e+05
2.104317e+05
1.900995e+05
1.950760e+05
3.008662e+05
2.856906e+05
2.599471e+05
2.609464e+05
2.375613e+05
2.353759e+05
3.573001e+05
3.346475e+05
3.351299e+05
3.165509e+05
2.975733e+05
2.914526e+05
4.271899e+05
3.921234e+05
3.869437e+05
3.797574e+05
3.456482e+05
3.564025e+05
5.190671e+05
4.773028e+05
4.518513e+05
4.243986e+05
4.253553e+05
4.074611e+05
5.877106e+05
5.724039e+05
5.243887e+05
5.041188e+05
4.736032e+05
4.745305e+05
