1.977514e+04
1.945861e+04
1.859737e+04
1.825990e+04
1.808680e+04
1.846043e+04
2.550477e+04
2.576231e+04
2.463499e+04
2.335211e+04
2.351898e+04
2.277149e+04
3.236835e+04
3.185479e+04
3.001205e+04
2.942175e+04
2.846673e+04
2.868303e+04
3.915590e+04
3.809045e+04
3.706543e+04
3.537754e+04
3.484347e+04
3.484406e+04
4.743624e+04
4.534694e+04
4.466933e+04
4.331253e+04
4.270724e+04
4.208386e+04
5.552667e+04
5.362303e+04
5.188870e+04
5.001876e+04
4.884087e+04
4.861294e+04
6.502571e+04
6.139599e+04
6.063123e+04
5.788626e+04
5.635893e+04
5.631180e+04
7.405769e+04
7.060912e+04
6.965815e+04
6.708565e+04
6.484228e+04
6.442043e+04
8.586670e+04
8.167180e+04
7.750929e+04
7.399813e+04
7.264973e+04
7.264781e+04
9.405329e+04
9.175227e+04
8.925410e+04
8.596582e+04
8.331647e+04
8.075849e+04
1.072175e+05
1.029934e+05
9.784160e+04
9.403738e+04
9.210848e+04
8.961955e+04
1.179936e+05
1.123536e+05
1.109514e+05
1.039709e+05
1.022212e+05
9.999008e+04
1.289956e+05
1.248077e+05
1.206387e+05
1.140784e+05
1.125116e+05
1.074930e+05
1.464163e+05
1.394004e+05
1.324273e+05
1.256559e+05
1.231231e+05
1.177602e+05
1.591711e+05
1.509266e+05
1.445086e+05
1.376509e+05
1.336399e+05
1.305644e+05
1.744241e+05
1.650214e+05
1.586939e+05
1.512659e+05
1.449228e+05
1.413166e+05
1.864920e+05
1.787705e+05
1.672326e+05
1.600320e+05
1.555342e+05
1.539343e+05
2.046196e+05
1.926137e+05
1.816441e+05
1.711645e+05
1.666938e+05
1.635810e+05
2.213427e+05
2.087737e+05
1.933763e+05
1.822093e+05
1.782551e+05
1.723167e+05
2.375615e+05
2.240110e+05
2.075554e+05
1.968178e+05
1.892677e+05
1.821532e+05
