1.951231e+04
1.903960e+04
1.849992e+04
1.852809e+04
1.841539e+04
1.803709e+04
2.509227e+04
2.427268e+04
2.385506e+04
2.329861e+04
2.303585e+04
2.338142e+04
3.178351e+04
3.055441e+04
3.024611e+04
2.946860e+04
2.816410e+04
2.857039e+04
3.868269e+04
3.731641e+04
3.682557e+04
3.613317e+04
3.507235e+04
3.608030e+04
4.660053e+04
4.477758e+04
4.421222e+04
4.272786e+04
4.221771e+04
4.226586e+04
5.449114e+04
5.297508e+04
5.214682e+04
5.160326e+04
4.925456e+04
4.924118e+04
6.523657e+04
6.173474e+04
6.107242e+04
5.829826e+04
5.803360e+04
5.700907e+04
7.560447e+04
7.238561e+04
6.917514e+04
6.738798e+04
6.467639e+04
6.469470e+04
8.669444e+04
8.213458e+04
7.903030e+04
7.530689e+04
7.308676e+04
7.369823e+04
9.696347e+04
9.273399e+04
8.769755e+04
8.494166e+04
8.279160e+04
8.047110e+04
1.072867e+05
1.021767e+05
9.906966e+04
9.608227e+04
9.223673e+04
9.001533e+04
1.200717e+05
1.118897e+05
1.086451e+05
1.053952e+05
1.011623e+05
1.005382e+05
1.317661e+05
1.264542e+05
1.210885e+05
1.157526e+05
1.110207e+05
1.095096e+05
1.484591e+05
1.385768e+05
1.326650e+05
1.244861e+05
1.208601e+05
1.195980e+05
1.586977e+05
1.508013e+05
1.460992e+05
1.370495e+05
1.329511e+05
1.316009e+05
1.731842e+05
1.667261e+05
1.577258e+05
1.490777e+05
1.428707e+05
1.420569e+05
1.894332e+05
1.795238e+05
1.700601e+05
1.597448e+05
1.538466e+05
1.525419e+05
2.073076e+05
1.943915e+05
1.826213e+05
1.735621e+05
1.642336e+05
1.645459e+05
2.211894e+05
2.106105e+05
1.924976e+05
1.847891e+05
1.761419e+05
1.755429e+05
2.389189e+05
2.222634e+05
2.055364e+05
1.979598e+05
1.882761e+05
1.869879e+05
