5.760630e+04
5.595155e+04
5.607766e+04
5.622952e+04
5.063335e+04
5.086817e+04
8.974238e+04
9.174033e+04
8.242934e+04
8.523778e+04
8.298763e+04
7.493735e+04
1.293540e+05
1.232883e+05
1.238816e+05
1.199771e+05
1.215680e+05
1.205301e+05
1.735110e+05
1.612422e+05
1.625299e+05
1.651103e+05
1.549197e+05
1.569340e+05
2.259039e+05
2.221515e+05
2.072654e+05
2.125816e+05
2.034868e+05
2.029943e+05
3.042048e+05
2.884607e+05
2.727042e+05
2.573566e+05
2.517457e+05
2.570300e+05
3.543500e+05
3.413102e+05
3.295768e+05
3.159077e+05
2.972738e+05
3.033757e+05
4.317709e+05
4.120517e+05
3.944785e+05
3.739205e+05
3.662113e+05
3.510947e+05
5.192578e+05
4.723425e+05
4.649882e+05
4.329246e+05
4.241803e+05
4.219094e+05
5.847870e+05
5.521495e+05
5.167070e+05
5.068636e+05
4.845061e+05
4.709222e+05
