5.590441e+04
5.723464e+04
5.706916e+04
5.216777e+04
5.179976e+04
5.329039e+04
9.009265e+04
8.694175e+04
9.077419e+04
8.905840e+04
8.593982e+04
8.454398e+04
1.374282e+05
1.334509e+05
1.233521e+05
1.165868e+05
1.167854e+05
1.199113e+05
1.922993e+05
1.781248e+05
1.642416e+05
1.581500e+05
1.616580e+05
1.522660e+05
2.411716e+05
2.348707e+05
2.161224e+05
2.083110e+05
1.981739e+05
2.038808e+05
3.040599e+05
2.819426e+05
2.733529e+05
2.542899e+05
2.509239e+05
2.450620e+05
3.716250e+05
3.354104e+05
3.290375e+05
3.233816e+05
3.055666e+05
2.906993e+05
4.563747e+05
4.021814e+05
3.952187e+05
3.663288e+05
3.622771e+05
3.507209e+05
5.023570e+05
4.756663e+05
4.492967e+05
4.497953e+05
4.184285e+05
4.176213e+05
6.043827e+05
5.566722e+05
5.209093e+05
4.972536e+05
4.781791e+05
4.528628e+05
