1.976250e+04
1.902284e+04
1.914245e+04
1.822766e+04
1.865282e+04
1.831186e+04
2.611956e+04
2.425935e+04
2.423819e+04
2.420137e+04
2.418907e+04
2.382278e+04
3.123793e+04
3.147316e+04
3.034085e+04
2.981254e+04
2.948605e+04
2.946729e+04
3.963056e+04
3.787353e+04
3.724377e+04
3.617105e+04
3.511695e+04
3.596201e+04
4.696666e+04
4.548232e+04
4.402604e+04
4.323470e+04
4.125090e+04
4.219943e+04
5.589908e+04
5.319651e+04
5.302541e+04
5.025662e+04
4.780993e+04
4.903017e+04
6.412809e+04
6.250308e+04
6.076992e+04
5.799465e+04
5.600145e+04
5.593157e+04
7.421580e+04
6.995709e+04
6.910551e+04
6.745247e+04
6.437616e+04
6.414771e+04
8.460331e+04
8.024714e+04
7.823539e+04
7.443352e+04
7.292547e+04
7.257060e+04
9.506380e+04
9.097152e+04
8.744989e+04
8.499395e+04
8.262598e+04
7.955549e+04
1.079508e+05
1.023801e+05
9.954132e+04
9.601612e+04
9.192473e+04
8.938509e+04
1.183749e+05
1.137073e+05
1.114562e+05
1.050148e+05
1.026382e+05
9.764676e+04
1.348863e+05
1.267661e+05
1.197600e+05
1.142208e+05
1.112944e+05
1.081592e+05
1.486391e+05
1.390042e+05
1.326034e+05
1.252399e+05
1.225269e+05
1.176552e+05
1.623863e+05
1.509662e+05
1.430679e+05
1.374801e+05
1.291968e+05
1.293817e+05
1.764985e+05
1.655096e+05
1.552079e+05
1.493636e+05
1.401601e+05
1.402064e+05
1.900589e+05
1.769594e+05
1.697735e+05
1.615432e+05
1.533236e+05
1.516204e+05
2.054160e+05
1.900162e+05
1.809448e+05
1.737697e+05
1.657506e+05
1.642922e+05
2.209194e+05
2.042394e+05
1.971062e+05
1.876047e+05
1.786565e+05
1.757542e+05
2.392011e+05
2.197687e+05
2.086815e+05
1.978442e+05
1.905838e+05
1.850814e+05
