5.605286e+04
5.875130e+04
5.492520e+04
5.411581e+04
5.349830e+04
5.499386e+04
8.907322e+04
8.855637e+04
8.441710e+04
8.494401e+04
8.149212e+04
8.393476e+04
1.365433e+05
1.280120e+05
1.241416e+05
1.175607e+05
1.235663e+05
1.158068e+05
1.793904e+05
1.785088e+05
1.683307e+05
1.648177e+05
1.618921e+05
1.593282e+05
2.347381e+05
2.250530e+05
2.184325e+05
2.087142e+05
2.125122e+05
2.010020e+05
3.001280e+05
2.879005e+05
2.598434e+05
2.663374e+05
2.630265e+05
2.534040e+05
3.553732e+05
3.393757e+05
3.167033e+05
3.193726e+05
3.129620e+05
2.946169e+05
4.287157e+05
4.077434e+05
3.752552e+05
3.815503e+05
3.598481e+05
3.555333e+05
5.210128e+05
4.832400e+05
4.472711e+05
4.219054e+05
4.298372e+05
4.159918e+05
6.046883e+05
5.747541e+05
5.181077e+05
5.066899e+05
4.752087e+05
4.819180e+05
