5.656128e+04
5.810586e+04
5.541458e+04
5.485579e+04
5.522705e+04
5.153933e+04
9.130825e+04
8.849659e+04
8.365302e+04
8.426152e+04
7.801482e+04
8.455332e+04
1.316626e+05
1.204489e+05
1.313742e+05
1.178161e+05
1.264050e+05
1.204349e+05
1.661128e+05
1.704877e+05
1.656162e+05
1.615710e+05
1.608637e+05
1.530304e+05
2.222522e+05
2.247028e+05
2.146746e+05
1.994335e+05
1.996541e+05
2.009188e+05
2.904414e+05
2.769532e+05
2.712351e+05
2.599017e+05
2.532152e+05
2.414926e+05
3.581287e+05
3.383202e+05
3.349524e+05
3.205523e+05
3.067623e+05
2.994845e+05
4.412179e+05
4.039644e+05
4.031219e+05
3.770633e+05
3.635723e+05
3.608133e+05
5.224740e+05
4.982196e+05
4.532577e+05
4.304358e+05
4.203959e+05
4.202396e+05
6.149990e+05
5.785447e+05
5.456635e+05
4.974886e+05
4.954382e+05
4.612377e+05
