1.988564e+04
1.925051e+04
1.933795e+04
1.825613e+04
1.852952e+04
1.822929e+04
2.508257e+04
2.510076e+04
2.417385e+04
2.360839e+04
2.302098e+04
2.391766e+04
3.233995e+04
3.122964e+04
3.117755e+04
2.974953e+04
2.872699e+04
2.982172e+04
3.886114e+04
3.790334e+04
3.785070e+04
3.713539e+04
3.565281e+04
3.567987e+04
4.739252e+04
4.448216e+04
4.501682e+04
4.366099e+04
4.248605e+04
4.224700e+04
5.564251e+04
5.226346e+04
5.260200e+04
5.179600e+04
4.929966e+04
4.806387e+04
6.547064e+04
6.188731e+04
5.976925e+04
5.773950e+04
5.766484e+04
5.484486e+04
7.474870e+04
7.035510e+04
6.958040e+04
6.688197e+04
6.562778e+04
6.335366e+04
8.682006e+04
8.121689e+04
7.796120e+04
7.672673e+04
7.349944e+04
7.059591e+04
9.606968e+04
9.099243e+04
8.860885e+04
8.658446e+04
8.282773e+04
8.000565e+04
1.083019e+05
1.038474e+05
9.785243e+04
9.463698e+04
9.065744e+04
8.865414e+04
1.199561e+05
1.141506e+05
1.089121e+05
1.040768e+05
1.016922e+05
9.900965e+04
1.335156e+05
1.254806e+05
1.207442e+05
1.153079e+05
1.121031e+05
1.081720e+05
1.454342e+05
1.381644e+05
1.350481e+05
1.267741e+05
1.227945e+05
1.186454e+05
1.621833e+05
1.532745e+05
1.465411e+05
1.377275e+05
1.333090e+05
1.285154e+05
1.748728e+05
1.634228e+05
1.586883e+05
1.515504e+05
1.436516e+05
1.389872e+05
1.911609e+05
1.811259e+05
1.710845e+05
1.622040e+05
1.564351e+05
1.501983e+05
2.072613e+05
1.912294e+05
1.854530e+05
1.733756e+05
1.660852e+05
1.617490e+05
2.219668e+05
2.068890e+05
1.957211e+05
1.860649e+05
1.800426e+05
1.719679e+05
2.405862e+05
2.247705e+05
2.111062e+05
1.971834e+05
1.899637e+05
1.820046e+05
