1.974920e+04
1.953310e+04
1.868843e+04
1.870225e+04
1.886757e+04
1.852315e+04
2.593718e+04
2.497456e+04
2.433873e+04
2.446576e+04
2.404267e+04
2.313695e+04
3.250435e+04
3.038490e+04
2.987740e+04
3.036017e+04
3.017550e+04
2.953190e+04
3.928840e+04
3.776231e+04
3.717264e+04
3.619187e+04
3.558625e+04
3.519802e+04
4.766063e+04
4.489589e+04
4.401613e+04
4.344617e+04
4.283225e+04
4.197830e+04
5.516997e+04
5.417695e+04
5.209937e+04
5.171340e+04
5.076702e+04
4.867671e+04
6.335692e+04
6.184810e+04
5.923780e+04
5.848957e+04
5.693279e+04
5.584920e+04
7.322872e+04
7.198477e+04
6.915525e+04
6.668165e+04
6.521932e+04
6.432825e+04
8.439033e+04
8.120600e+04
7.812695e+04
7.510068e+04
7.259363e+04
7.269121e+04
9.688040e+04
9.192245e+04
8.823631e+04
8.580876e+04
8.158789e+04
7.966921e+04
1.081528e+05
1.041574e+05
9.864412e+04
9.464157e+04
9.306191e+04
8.925167e+04
1.204578e+05
1.134715e+05
1.110365e+05
1.056834e+05
1.016702e+05
9.947079e+04
1.323804e+05
1.274486e+05
1.219687e+05
1.153248e+05
1.129625e+05
1.088458e+05
1.459947e+05
1.392404e+05
1.333001e+05
1.262189e+05
1.205977e+05
1.194883e+05
1.624790e+05
1.505857e+05
1.457056e+05
1.373652e+05
1.326534e+05
1.274327e+05
1.755643e+05
1.640987e+05
1.569426e+05
1.495640e+05
1.441714e+05
1.382111e+05
1.881061e+05
1.803034e+05
1.695756e+05
1.618481e+05
1.559814e+05
1.506878e+05
2.082192e+05
1.910866e+05
1.796965e+05
1.764803e+05
1.683012e+05
1.632847e+05
2.224580e+05
2.063120e+05
1.928492e+05
1.881430e+05
1.806349e+05
1.726598e+05
2.384501e+05
2.224594e+05
2.080043e+05
1.991891e+05
1.910506e+05
1.854939e+05
