6.007757e+04
5.795466e+04
5.220339e+04
5.136447e+04
5.384119e+04
5.047434e+04
9.718807e+04
8.898693e+04
8.544191e+04
8.899900e+04
8.175058e+04
8.439856e+04
1.362730e+05
1.291568e+05
1.272397e+05
1.123321e+05
1.270211e+05
1.152310e+05
1.842569e+05
1.756377e+05
1.640571e+05
1.721696e+05
1.617759e+05
1.581796e+05
2.443245e+05
2.292623e+05
2.198631e+05
2.079450e+05
1.989230e+05
2.021070e+05
3.111780e+05
2.675985e+05
2.609735e+05
2.698397e+05
2.563878e+05
2.457855e+05
3.584628e+05
3.434738e+05
3.333302e+05
3.200391e+05
3.069344e+05
3.019310e+05
4.369015e+05
4.045713e+05
3.892393e+05
3.710113e+05
3.527161e+05
3.615871e+05
5.135383e+05
4.830913e+05
4.641624e+05
4.396516e+05
4.056252e+05
4.180759e+05
5.768769e+05
5.530309e+05
5.350378e+05
4.851769e+05
4.682473e+05
4.691912e+05
