1.987334e+04
1.931043e+04
1.920233e+04
1.893801e+04
1.825174e+04
1.787586e+04
2.566243e+04
2.500096e+04
2.467552e+04
2.390862e+04
2.313096e+04
2.257186e+04
3.234463e+04
3.140174e+04
3.001534e+04
2.930762e+04
2.949508e+04
2.820039e+04
3.924597e+04
3.830724e+04
3.664142e+04
3.580741e+04
3.564549e+04
3.493689e+04
4.634036e+04
4.530712e+04
4.323467e+04
4.262924e+04
4.243819e+04
4.229933e+04
5.556029e+04
5.332960e+04
5.079734e+04
5.030121e+04
4.891354e+04
4.918414e+04
6.473332e+04
6.183595e+04
5.999210e+04
5.805762e+04
5.699048e+04
5.650737e+04
7.450838e+04
7.235825e+04
6.839250e+04
6.649438e+04
6.599813e+04
6.397730e+04
8.418462e+04
8.206608e+04
7.856596e+04
7.562433e+04
7.259853e+04
7.204173e+04
9.507234e+04
9.031827e+04
8.810365e+04
8.550967e+04
8.306622e+04
8.129618e+04
1.089542e+05
1.027799e+05
9.833259e+04
9.544002e+04
9.199280e+04
9.060493e+04
1.195926e+05
1.144953e+05
1.084399e+05
1.050576e+05
9.992729e+04
9.883153e+04
1.332512e+05
1.265306e+05
1.183890e+05
1.169231e+05
1.106615e+05
1.075838e+05
1.490477e+05
1.360531e+05
1.297258e+05
1.276038e+05
1.214040e+05
1.169356e+05
1.602778e+05
1.499222e+05
1.415603e+05
1.367591e+05
1.302498e+05
1.259332e+05
1.739820e+05
1.628859e+05
1.539810e+05
1.466911e+05
1.395127e+05
1.370230e+05
1.899597e+05
1.781748e+05
1.678640e+05
1.593261e+05
1.522792e+05
1.489261e+05
2.072818e+05
1.913280e+05
1.815515e+05
1.707092e+05
1.624100e+05
1.581997e+05
2.232254e+05
2.060550e+05
1.956115e+05
1.827275e+05
1.755666e+05
1.693916e+05
2.408429e+05
2.232150e+05
2.055847e+05
1.995470e+05
1.888602e+05
1.838172e+05
