1.944262e+04
1.966737e+04
1.868296e+04
1.796717e+04
1.789346e+04
1.827080e+04
2.562135e+04
2.478373e+04
2.404956e+04
2.400636e+04
2.329659e+04
2.333421e+04
3.187129e+04
3.071954e+04
3.081151e+04
2.960963e+04
2.939510e+04
2.896922e+04
3.858800e+04
3.778147e+04
3.703797e+04
3.611074e+04
3.532049e+04
3.512116e+04
4.777762e+04
4.535134e+04
4.423313e+04
4.363603e+04
4.261712e+04
4.239828e+04
5.521429e+04
5.308500e+04
5.231151e+04
5.121134e+04
4.902379e+04
5.020470e+04
6.554084e+04
6.065888e+04
6.041182e+04
5.990095e+04
5.684852e+04
5.679328e+04
7.453271e+04
7.080258e+04
6.874639e+04
6.753897e+04
6.677487e+04
6.523323e+04
8.437794e+04
8.224278e+04
7.837731e+04
7.689354e+04
7.365927e+04
7.247334e+04
9.585117e+04
9.252962e+04
8.865581e+04
8.686870e+04
8.365008e+04
7.917200e+04
1.080005e+05
1.035736e+05
9.992309e+04
9.632472e+04
9.358737e+04
8.876458e+04
1.211540e+05
1.141307e+05
1.099878e+05
1.074158e+05
1.027718e+05
9.702849e+04
1.321450e+05
1.255679e+05
1.179475e+05
1.136294e+05
1.116190e+05
1.075219e+05
1.470691e+05
1.360271e+05
1.309407e+05
1.257001e+05
1.202229e+05
1.154990e+05
1.593695e+05
1.515670e+05
1.436279e+05
1.380661e+05
1.300790e+05
1.259524e+05
1.737577e+05
1.667219e+05
1.560681e+05
1.478472e+05
1.386867e+05
1.347936e+05
1.879428e+05
1.805537e+05
1.703522e+05
1.617634e+05
1.512699e+05
1.457882e+05
2.007399e+05
1.925905e+05
1.829357e+05
1.734167e+05
1.622518e+05
1.592112e+05
2.204510e+05
2.085535e+05
1.947536e+05
1.863004e+05
1.745507e+05
1.713768e+05
2.363651e+05
2.197696e+05
2.070903e+05
1.973836e+05
1.869181e+05
1.829945e+05
