1.925278e+04
1.916943e+04
1.905221e+04
1.885214e+04
1.848835e+04
1.805646e+04
2.583622e+04
2.493613e+04
2.436904e+04
2.420833e+04
2.358492e+04
2.303697e+04
3.189021e+04
3.112868e+04
3.044017e+04
2.953265e+04
2.876205e+04
2.800326e+04
3.949702e+04
3.822783e+04
3.726852e+04
3.733411e+04
3.522726e+04
3.459549e+04
4.751717e+04
4.611462e+04
4.462242e+04
4.233427e+04
4.219870e+04
4.082387e+04
5.522593e+04
5.493920e+04
5.220144e+04
5.003892e+04
4.999024e+04
4.775699e+04
6.430406e+04
6.234397e+04
6.127909e+04
5.838630e+04
5.704621e+04
5.629667e+04
7.437264e+04
7.310153e+04
7.017041e+04
6.797261e+04
6.576838e+04
6.454871e+04
8.270804e+04
8.051236e+04
8.036556e+04
7.621337e+04
7.435236e+04
7.300222e+04
9.521806e+04
9.100672e+04
8.934765e+04
8.651912e+04
8.169806e+04
8.256334e+04
1.063084e+05
1.029372e+05
9.908624e+04
9.339493e+04
8.932327e+04
9.180422e+04
1.206359e+05
1.125794e+05
1.078888e+05
1.042839e+05
1.005839e+05
1.007805e+05
1.323574e+05
1.245027e+05
1.203310e+05
1.141738e+05
1.092305e+05
1.080707e+05
1.434966e+05
1.361115e+05
1.322021e+05
1.274445e+05
1.210239e+05
1.188933e+05
1.574257e+05
1.509004e+05
1.438258e+05
1.365994e+05
1.314827e+05
1.277467e+05
1.735729e+05
1.637280e+05
1.576655e+05
1.476271e+05
1.422240e+05
1.390699e+05
1.901098e+05
1.740080e+05
1.692659e+05
1.620322e+05
1.548737e+05
1.506483e+05
2.074943e+05
1.922608e+05
1.848355e+05
1.730181e+05
1.667628e+05
1.628547e+05
2.264439e+05
2.092476e+05
2.004947e+05
1.868300e+05
1.784780e+05
1.748190e+05
2.388776e+05
2.234637e+05
2.092346e+05
1.986990e+05
1.902008e+05
1.849672e+05
