5.937365e+04
5.696390e+04
5.709166e+04
5.559422e+04
5.428040e+04
5.489015e+04
9.028847e+04
8.591778e+04
8.804546e+04
8.787429e+04
8.632022e+04
8.299099e+04
1.266695e+05
1.252053e+05
1.310730e+05
1.254929e+05
1.185453e+05
1.165262e+05
1.800981e+05
1.720644e+05
1.684932e+05
1.708404e+05
1.556619e+05
1.530760e+05
2.393313e+05
2.272211e+05
2.153293e+05
2.141310e+05
2.043618e+05
1.879719e+05
3.037718e+05
2.938918e+05
2.786764e+05
2.592909e+05
2.443609e+05
2.433260e+05
3.558342e+05
3.470203e+05
3.351910e+05
3.351668e+05
2.981738e+05
2.898550e+05
4.483977e+05
4.118500e+05
3.907282e+05
3.754611e+05
3.690129e+05
3.361136e+05
5.226073e+05
4.982888e+05
4.616093e+05
4.332241e+05
4.344112e+05
4.076077e+05
6.228047e+05
5.516948e+05
5.301821e+05
5.042043e+05
4.861317e+05
4.753992e+05
