1.924261e+04
1.907092e+04
1.879181e+04
1.867822e+04
1.810636e+04
1.872888e+04
2.471659e+04
2.543298e+04
2.474978e+04
2.381652e+04
2.323303e+04
2.421481e+04
3.173403e+04
3.118836e+04
3.095575e+04
2.968825e+04
2.963588e+04
2.954933e+04
3.983372e+04
3.793339e+04
3.694362e+04
3.644917e+04
3.572253e+04
3.506044e+04
4.652094e+04
4.599720e+04
4.454686e+04
4.303704e+04
4.189398e+04
4.153624e+04
5.543065e+04
5.342534e+04
5.133267e+04
5.153323e+04
4.986176e+04
4.830163e+04
6.455777e+04
6.101508e+04
6.100300e+04
5.917609e+04
5.690630e+04
5.661816e+04
7.327381e+04
7.133979e+04
6.978308e+04
6.760375e+04
6.431841e+04
6.467881e+04
8.261945e+04
8.096296e+04
7.763716e+04
7.519657e+04
7.389842e+04
7.219363e+04
9.528514e+04
9.216904e+04
8.837650e+04
8.437685e+04
8.279532e+04
8.176322e+04
1.083301e+05
1.040109e+05
9.694221e+04
9.415507e+04
9.195079e+04
8.984060e+04
1.202978e+05
1.147037e+05
1.095071e+05
1.039936e+05
1.015351e+05
9.943169e+04
1.329459e+05
1.249831e+05
1.221040e+05
1.142138e+05
1.128590e+05
1.071848e+05
1.489511e+05
1.371734e+05
1.331095e+05
1.273781e+05
1.213457e+05
1.174909e+05
1.602880e+05
1.508700e+05
1.456846e+05
1.384182e+05
1.327600e+05
1.280937e+05
1.744886e+05
1.649923e+05
1.557092e+05
1.498527e+05
1.450760e+05
1.379063e+05
1.905566e+05
1.774714e+05
1.695319e+05
1.615141e+05
1.559953e+05
1.474068e+05
2.015934e+05
1.939924e+05
1.802166e+05
1.726266e+05
1.669027e+05
1.606907e+05
2.233621e+05
2.065570e+05
1.950683e+05
1.829105e+05
1.772476e+05
1.717373e+05
2.380615e+05
2.219074e+05
2.055068e+05
1.987704e+05
1.892700e+05
1.844531e+05
