5.653979e+04
5.652699e+04
5.495544e+04
5.479702e+04
5.515447e+04
5.308981e+04
9.239199e+04
8.964734e+04
8.800948e+04
8.974203e+04
8.698598e+04
8.412681e+04
1.317802e+05
1.241007e+05
1.232097e+05
1.222653e+05
1.226894e+05
1.155664e+05
1.723539e+05
1.783748e+05
1.661325e+05
1.664186e+05
1.565406e+05
1.544408e+05
2.365737e+05
2.216846e+05
2.175744e+05
2.142178e+05
2.009323e+05
1.967836e+05
2.977179e+05
2.828189e+05
2.644318e+05
2.650122e+05
2.527243e+05
2.495002e+05
3.664978e+05
3.457664e+05
3.355505e+05
3.265667e+05
3.042604e+05
2.853307e+05
4.294420e+05
4.016562e+05
4.017295e+05
3.842918e+05
3.606274e+05
3.468507e+05
5.137685e+05
4.813030e+05
4.486092e+05
4.431399e+05
4.274325e+05
4.016397e+05
6.038830e+05
5.605293e+05
5.222625e+05
5.042189e+05
4.742757e+05
4.653024e+05
