1.978741e+04
1.954003e+04
1.846555e+04
1.825196e+04
1.775369e+04
1.832505e+04
2.600300e+04
2.508138e+04
2.413320e+04
2.345650e+04
2.288519e+04
2.389662e+04
3.200660e+04
3.094997e+04
3.037187e+04
2.899039e+04
2.924956e+04
2.931478e+04
3.966877e+04
3.818703e+04
3.679655e+04
3.552746e+04
3.542557e+04
3.477214e+04
4.748931e+04
4.560626e+04
4.311795e+04
4.210656e+04
4.110236e+04
4.216071e+04
5.532840e+04
5.349646e+04
5.227125e+04
4.878717e+04
4.874353e+04
4.795756e+04
6.447651e+04
6.203882e+04
5.844358e+04
5.790149e+04
5.542777e+04
5.647300e+04
7.448081e+04
7.035386e+04
6.992898e+04
6.704024e+04
6.334241e+04
6.355419e+04
8.497709e+04
8.115190e+04
7.835855e+04
7.523311e+04
7.295385e+04
7.224726e+04
9.596603e+04
9.109424e+04
8.851540e+04
8.417766e+04
8.227067e+04
8.140037e+04
1.083063e+05
1.019952e+05
9.734978e+04
9.476461e+04
9.117230e+04
8.985588e+04
1.190131e+05
1.139073e+05
1.084075e+05
1.046800e+05
9.954429e+04
9.937493e+04
1.306698e+05
1.251044e+05
1.208737e+05
1.155412e+05
1.097721e+05
1.081312e+05
1.459095e+05
1.390149e+05
1.338627e+05
1.258154e+05
1.225694e+05
1.179673e+05
1.592689e+05
1.521985e+05
1.467739e+05
1.380184e+05
1.325352e+05
1.275976e+05
1.732211e+05
1.624629e+05
1.570405e+05
1.472865e+05
1.428559e+05
1.388367e+05
1.910001e+05
1.813175e+05
1.715862e+05
1.602546e+05
1.530856e+05
1.523854e+05
2.071261e+05
1.931545e+05
1.839678e+05
1.713791e+05
1.644936e+05
1.623313e+05
2.215209e+05
2.102999e+05
1.975244e+05
1.848009e+05
1.774781e+05
1.751181e+05
2.402083e+05
2.245244e+05
2.130451e+05
1.967646e+05
1.897385e+05
1.871290e+05
