6.151684e+04
5.949784e+04
5.445321e+04
5.441120e+04
5.352500e+04
5.161221e+04
9.824689e+04
8.973897e+04
8.813766e+04
8.464861e+04
8.033351e+04
8.151412e+04
1.412973e+05
1.359980e+05
1.273001e+05
1.138012e+05
1.189579e+05
1.128078e+05
1.847107e+05
1.708762e+05
1.711466e+05
1.584534e+05
1.594448e+05
1.542763e+05
2.329610e+05
2.241100e+05
2.157838e+05
2.083364e+05
1.961476e+05
1.971750e+05
2.931068e+05
2.835927e+05
2.707906e+05
2.578551e+05
2.537675e+05
2.443557e+05
3.590635e+05
3.316134e+05
3.277476e+05
3.231027e+05
3.032157e+05
2.875630e+05
4.474935e+05
3.999265e+05
3.846912e+05
3.756400e+05
3.622245e+05
3.404587e+05
5.097636e+05
4.845773e+05
4.556503e+05
4.227335e+05
4.197631e+05
3.964554e+05
6.080070e+05
5.612766e+05
5.290396e+05
4.929299e+05
4.827807e+05
4.561060e+05
