2.028418e+04
1.934471e+04
1.914432e+04
1.857305e+04
1.836519e+04
1.892474e+04
2.551718e+04
2.571180e+04
2.400724e+04
2.397116e+04
2.353621e+04
2.380801e+04
3.222956e+04
3.074755e+04
3.075106e+04
2.943407e+04
2.898220e+04
2.945882e+04
3.900754e+04
3.854248e+04
3.710375e+04
3.566433e+04
3.546669e+04
3.562681e+04
4.730172e+04
4.513517e+04
4.350048e+04
4.313691e+04
4.212491e+04
4.196956e+04
5.497712e+04
5.346994e+04
5.256043e+04
4.999527e+04
4.927111e+04
4.772976e+04
6.440443e+04
6.227084e+04
5.982191e+04
5.909746e+04
5.705403e+04
5.534162e+04
7.371552e+04
7.180158e+04
6.946948e+04
6.664132e+04
6.513656e+04
6.333302e+04
8.498409e+04
8.135065e+04
8.008902e+04
7.530559e+04
7.370677e+04
7.181776e+04
9.294019e+04
9.155425e+04
9.169476e+04
8.495122e+04
8.234849e+04
8.082683e+04
1.061801e+05
1.015139e+05
9.773758e+04
9.516145e+04
9.169202e+04
8.891034e+04
1.195371e+05
1.141654e+05
1.087967e+05
1.066868e+05
1.019742e+05
9.810505e+04
1.338503e+05
1.275253e+05
1.211381e+05
1.154687e+05
1.114729e+05
1.072834e+05
1.445145e+05
1.391118e+05
1.312577e+05
1.239537e+05
1.241605e+05
1.172608e+05
1.586270e+05
1.547038e+05
1.432182e+05
1.368928e+05
1.349516e+05
1.296471e+05
1.720772e+05
1.647935e+05
1.563923e+05
1.481981e+05
1.455870e+05
1.403216e+05
1.869427e+05
1.814293e+05
1.693223e+05
1.606171e+05
1.568582e+05
1.526681e+05
2.026380e+05
1.950430e+05
1.857483e+05
1.710117e+05
1.660633e+05
1.631120e+05
2.212297e+05
2.080635e+05
1.991067e+05
1.868041e+05
1.778833e+05
1.759539e+05
2.388300e+05
2.223299e+05
2.093653e+05
1.990435e+05
1.868079e+05
1.862970e+05
