1.993269e+04
1.918378e+04
1.943323e+04
1.882084e+04
1.858344e+04
1.776992e+04
2.535940e+04
2.503274e+04
2.470032e+04
2.418235e+04
2.324731e+04
2.299624e+04
3.174283e+04
3.137487e+04
3.061918e+04
2.975864e+04
2.933577e+04
2.890183e+04
3.963196e+04
3.831723e+04
3.741583e+04
3.638392e+04
3.528640e+04
3.534830e+04
4.746367e+04
4.650990e+04
4.554274e+04
4.337180e+04
4.168658e+04
4.169086e+04
5.481843e+04
5.438813e+04
5.202832e+04
5.028753e+04
4.897062e+04
4.787748e+04
6.414326e+04
6.323188e+04
6.080024e+04
5.832539e+04
5.719173e+04
5.493791e+04
7.396940e+04
7.195517e+04
6.901248e+04
6.629280e+04
6.359385e+04
6.324384e+04
8.580568e+04
8.104063e+04
7.763862e+04
7.715640e+04
7.291570e+04
6.976931e+04
9.748203e+04
9.251713e+04
8.804810e+04
8.478818e+04
8.159327e+04
7.884857e+04
1.099982e+05
1.019041e+05
9.810702e+04
9.453351e+04
9.089560e+04
8.907698e+04
1.204440e+05
1.114993e+05
1.094375e+05
1.055089e+05
9.981426e+04
9.872449e+04
1.328005e+05
1.258517e+05
1.207779e+05
1.155970e+05
1.091601e+05
1.099090e+05
1.445247e+05
1.390629e+05
1.311823e+05
1.267169e+05
1.208916e+05
1.198232e+05
1.587039e+05
1.504797e+05
1.453857e+05
1.392665e+05
1.320269e+05
1.312455e+05
1.751742e+05
1.647697e+05
1.575499e+05
1.493109e+05
1.430195e+05
1.410929e+05
1.883398e+05
1.788063e+05
1.695342e+05
1.613699e+05
1.553184e+05
1.500837e+05
2.027519e+05
1.919893e+05
1.825335e+05
1.742912e+05
1.691480e+05
1.585182e+05
2.188178e+05
2.050547e+05
1.937935e+05
1.874045e+05
1.760908e+05
1.723483e+05
2.380939e+05
2.232292e+05
2.067681e+05
2.012452e+05
1.886989e+05
1.828185e+05
