1.970229e+04
1.952238e+04
1.933067e+04
1.829062e+04
1.798269e+04
1.816512e+04
2.640995e+04
2.506272e+04
2.435847e+04
2.391119e+04
2.369515e+04
2.337280e+04
3.201870e+04
3.091300e+04
3.022137e+04
2.911336e+04
2.924095e+04
2.929038e+04
3.864858e+04
3.878397e+04
3.632232e+04
3.607083e+04
3.512884e+04
3.578127e+04
4.831041e+04
4.518082e+04
4.355710e+04
4.257211e+04
4.226940e+04
4.282449e+04
5.564338e+04
5.355638e+04
5.090870e+04
5.067603e+04
4.859086e+04
4.959894e+04
6.495974e+04
6.061923e+04
5.939883e+04
5.822091e+04
5.689359e+04
5.703701e+04
7.517684e+04
7.083280e+04
6.843202e+04
6.693595e+04
6.612248e+04
6.459202e+04
8.496932e+04
8.105857e+04
7.743760e+04
7.520918e+04
7.276607e+04
7.222117e+04
9.688626e+04
8.958485e+04
8.652428e+04
8.528363e+04
8.406091e+04
7.949129e+04
1.077947e+05
1.030137e+05
9.685281e+04
9.635940e+04
9.345406e+04
8.799194e+04
1.203329e+05
1.133338e+05
1.092035e+05
1.054732e+05
1.038741e+05
9.965054e+04
1.300820e+05
1.244949e+05
1.206030e+05
1.177889e+05
1.130547e+05
1.079341e+05
1.445334e+05
1.350286e+05
1.313633e+05
1.267297e+05
1.231845e+05
1.186738e+05
1.600505e+05
1.496449e+05
1.442055e+05
1.388525e+05
1.323767e+05
1.285678e+05
1.721838e+05
1.630214e+05
1.568705e+05
1.508125e+05
1.435948e+05
1.378452e+05
1.879114e+05
1.766617e+05
1.676041e+05
1.636073e+05
1.528551e+05
1.475179e+05
2.023313e+05
1.905524e+05
1.804193e+05
1.732030e+05
1.648945e+05
1.591178e+05
2.197955e+05
2.062960e+05
1.940524e+05
1.868580e+05
1.774860e+05
1.702359e+05
2.344539e+05
2.217856e+05
2.099518e+05
1.974457e+05
1.895879e+05
1.834245e+05
