1.958641e+04
1.945824e+04
1.888076e+04
1.867285e+04
1.833596e+04
1.804119e+04
2.490621e+04
2.536519e+04
2.497718e+04
2.482781e+04
2.395850e+04
2.274241e+04
3.119247e+04
3.191102e+04
3.059467e+04
3.015698e+04
2.950885e+04
2.839874e+04
3.879221e+04
3.776942e+04
3.725542e+04
3.611439e+04
3.578902e+04
3.439759e+04
4.638154e+04
4.473291e+04
4.473987e+04
4.411472e+04
4.262072e+04
4.202197e+04
5.667538e+04
5.439579e+04
5.241188e+04
5.034675e+04
5.025517e+04
4.918823e+04
6.525991e+04
6.304719e+04
6.191122e+04
5.945378e+04
5.755186e+04
5.682649e+04
7.485060e+04
7.157907e+04
6.811128e+04
6.702780e+04
6.565017e+04
6.374548e+04
8.500965e+04
8.067603e+04
7.840115e+04
7.609586e+04
7.496772e+04
7.154360e+04
9.630459e+04
9.245357e+04
8.836725e+04
8.551122e+04
8.277077e+04
8.061241e+04
1.074101e+05
1.040474e+05
9.776793e+04
9.597747e+04
9.251127e+04
8.929575e+04
1.207388e+05
1.136792e+05
1.107961e+05
1.060324e+05
1.013134e+05
9.891326e+04
1.316934e+05
1.272106e+05
1.210917e+05
1.155464e+05
1.107519e+05
1.060905e+05
1.458429e+05
1.390118e+05
1.315025e+05
1.276832e+05
1.215400e+05
1.185086e+05
1.585218e+05
1.519321e+05
1.426239e+05
1.384895e+05
1.321240e+05
1.283626e+05
1.744114e+05
1.643460e+05
1.551304e+05
1.499778e+05
1.419680e+05
1.405129e+05
1.882103e+05
1.771772e+05
1.690452e+05
1.604408e+05
1.549715e+05
1.538857e+05
2.026766e+05
1.918641e+05
1.841583e+05
1.728157e+05
1.646694e+05
1.619948e+05
2.200118e+05
2.081435e+05
1.980324e+05
1.846973e+05
1.779645e+05
1.721481e+05
2.358360e+05
2.214988e+05
2.081276e+05
1.973879e+05
1.884629e+05
1.800493e+05
