5.770482e+04
5.812210e+04
5.382242e+04
5.464332e+04
5.138536e+04
4.945844e+04
9.178083e+04
8.973928e+04
8.853861e+04
8.350964e+04
8.368450e+04
7.928667e+04
1.362629e+05
1.354474e+05
1.250493e+05
1.249583e+05
1.174453e+05
1.213409e+05
1.852083e+05
1.810126e+05
1.667015e+05
1.623709e+05
1.557498e+05
1.608351e+05
2.339481e+05
2.265854e+05
2.224994e+05
2.041372e+05
2.017232e+05
1.991124e+05
2.906287e+05
2.895667e+05
2.727035e+05
2.558599e+05
2.486977e+05
2.423662e+05
3.661766e+05
3.466388e+05
3.258420e+05
3.068162e+05
3.098263e+05
3.000412e+05
4.279654e+05
4.058652e+05
3.890772e+05
3.643980e+05
3.687189e+05
3.545324e+05
5.045452e+05
4.766530e+05
4.528287e+05
4.233433e+05
4.161534e+05
4.139087e+05
6.020588e+05
5.802405e+05
5.223678e+05
4.817147e+05
4.757690e+05
4.680547e+05
