1.989393e+04
1.945337e+04
1.920164e+04
1.875513e+04
1.829463e+04
1.836740e+04
2.566338e+04
2.460611e+04
2.397376e+04
2.348946e+04
2.348337e+04
2.385186e+04
3.187856e+04
3.014060e+04
2.988898e+04
2.955994e+04
2.929158e+04
2.896639e+04
3.924181e+04
3.772281e+04
3.654919e+04
3.589773e+04
3.533400e+04
3.555516e+04
4.637435e+04
4.564814e+04
4.461130e+04
4.265414e+04
4.205377e+04
4.196117e+04
5.586188e+04
5.395426e+04
5.105469e+04
4.989731e+04
4.906665e+04
4.853549e+04
6.462548e+04
6.185989e+04
5.929459e+04
5.862464e+04
5.668115e+04
5.701459e+04
7.479178e+04
7.086462e+04
6.820661e+04
6.729538e+04
6.497515e+04
6.459027e+04
8.523854e+04
8.208607e+04
7.757344e+04
7.684773e+04
7.376899e+04
7.291395e+04
9.630567e+04
9.354737e+04
8.730437e+04
8.597113e+04
8.120558e+04
8.101803e+04
1.091550e+05
1.028239e+05
9.783209e+04
9.441511e+04
9.016023e+04
9.031485e+04
1.215179e+05
1.130822e+05
1.075973e+05
1.044305e+05
1.010911e+05
1.006919e+05
1.348933e+05
1.269228e+05
1.198700e+05
1.149656e+05
1.115752e+05
1.089602e+05
1.498851e+05
1.386952e+05
1.326769e+05
1.273075e+05
1.205204e+05
1.200445e+05
1.616592e+05
1.512920e+05
1.450451e+05
1.373269e+05
1.330810e+05
1.312708e+05
1.765816e+05
1.635254e+05
1.578029e+05
1.487424e+05
1.432632e+05
1.424609e+05
1.912143e+05
1.766618e+05
1.688097e+05
1.608118e+05
1.551337e+05
1.526921e+05
2.064628e+05
1.917276e+05
1.829827e+05
1.740759e+05
1.683044e+05
1.619606e+05
2.225408e+05
2.076381e+05
1.972600e+05
1.867637e+05
1.783518e+05
1.719180e+05
2.379604e+05
2.239322e+05
2.075407e+05
1.982902e+05
1.895766e+05
1.853006e+05
