5.471817e+04
5.714481e+04
5.572788e+04
4.873417e+04
5.456300e+04
5.456707e+04
9.108303e+04
9.067310e+04
8.535086e+04
8.137776e+04
8.001034e+04
8.274678e+04
1.399841e+05
1.303800e+05
1.251952e+05
1.169429e+05
1.198920e+05
1.172710e+05
1.886758e+05
1.773928e+05
1.586067e+05
1.661713e+05
1.601683e+05
1.585274e+05
2.302419e+05
2.250194e+05
2.140565e+05
2.113461e+05
2.007294e+05
2.003712e+05
2.952298e+05
2.779600e+05
2.621524e+05
2.691827e+05
2.561162e+05
2.390527e+05
3.714535e+05
3.153509e+05
3.270234e+05
3.269004e+05
2.969253e+05
2.791115e+05
4.418772e+05
4.116328e+05
3.777406e+05
3.906373e+05
3.607325e+05
3.374324e+05
5.160409e+05
4.725233e+05
4.553593e+05
4.330030e+05
4.164837e+05
3.888736e+05
6.174277e+05
5.637154e+05
5.247649e+05
5.009294e+05
4.611195e+05
4.496696e+05
