1.929669e+04
1.923391e+04
1.901155e+04
1.854664e+04
1.834478e+04
1.766966e+04
2.540588e+04
2.508983e+04
2.407547e+04
2.382526e+04
2.316132e+04
2.234081e+04
3.187440e+04
3.053571e+04
2.985378e+04
2.908128e+04
2.909397e+04
2.872367e+04
3.851352e+04
3.753567e+04
3.672390e+04
3.702196e+04
3.475747e+04
3.512736e+04
4.802072e+04
4.563458e+04
4.360106e+04
4.323486e+04
4.253038e+04
4.307847e+04
5.615209e+04
5.378420e+04
5.158783e+04
5.021189e+04
5.008131e+04
4.871368e+04
6.578298e+04
6.277684e+04
6.016699e+04
5.883195e+04
5.822102e+04
5.471550e+04
7.400119e+04
7.175022e+04
6.947272e+04
6.744165e+04
6.540382e+04
6.196667e+04
8.499565e+04
8.046532e+04
7.910032e+04
7.650466e+04
7.364268e+04
7.019255e+04
9.641064e+04
9.215064e+04
8.822445e+04
8.521741e+04
8.277487e+04
7.932666e+04
1.069637e+05
1.038508e+05
9.773484e+04
9.498763e+04
9.177855e+04
9.001234e+04
1.205705e+05
1.157822e+05
1.082158e+05
1.038907e+05
1.024562e+05
9.874458e+04
1.331832e+05
1.264318e+05
1.184394e+05
1.159118e+05
1.111203e+05
1.081082e+05
1.461991e+05
1.392326e+05
1.333283e+05
1.263288e+05
1.234649e+05
1.193815e+05
1.595692e+05
1.523438e+05
1.445225e+05
1.364402e+05
1.342270e+05
1.302398e+05
1.765218e+05
1.662384e+05
1.551077e+05
1.488896e+05
1.448932e+05
1.385937e+05
1.896788e+05
1.786938e+05
1.687488e+05
1.586849e+05
1.555898e+05
1.496649e+05
2.055288e+05
1.891896e+05
1.821869e+05
1.733374e+05
1.664514e+05
1.602656e+05
2.202310e+05
2.096816e+05
1.958089e+05
1.819311e+05
1.786007e+05
1.723622e+05
2.391573e+05
2.199473e+05
2.097195e+05
1.956224e+05
1.899983e+05
1.849550e+05
