6.135783e+04
5.887985e+04
5.545855e+04
5.437351e+04
5.474697e+04
5.327451e+04
9.924395e+04
8.448715e+04
8.949139e+04
8.349771e+04
8.244469e+04
8.361571e+04
1.343432e+05
1.351393e+05
1.225014e+05
1.239741e+05
1.181311e+05
1.188727e+05
1.816045e+05
1.781621e+05
1.684629e+05
1.663905e+05
1.593318e+05
1.568399e+05
2.416756e+05
2.245115e+05
2.207500e+05
2.101995e+05
2.016872e+05
1.954565e+05
3.000263e+05
2.730835e+05
2.597936e+05
2.632515e+05
2.518156e+05
2.486006e+05
3.650683e+05
3.598377e+05
3.313790e+05
3.231944e+05
3.027024e+05
3.027668e+05
4.226564e+05
4.143530e+05
3.925424e+05
3.687137e+05
3.576565e+05
3.427960e+05
5.133343e+05
4.827872e+05
4.575248e+05
4.322807e+05
4.143389e+05
4.022551e+05
6.121538e+05
5.391696e+05
5.244106e+05
4.842757e+05
4.537710e+05
4.563267e+05
