1.970570e+04
1.911133e+04
1.875425e+04
1.844011e+04
1.840577e+04
1.792806e+04
2.485900e+04
2.502494e+04
2.433818e+04
2.383207e+04
2.364725e+04
2.266003e+04
3.220597e+04
3.071664e+04
3.003907e+04
2.919192e+04
2.954607e+04
2.862327e+04
3.881286e+04
3.755387e+04
3.613655e+04
3.544834e+04
3.548302e+04
3.441831e+04
4.686583e+04
4.516384e+04
4.452027e+04
4.267198e+04
4.186568e+04
4.170635e+04
5.481262e+04
5.329207e+04
5.235183e+04
5.084062e+04
4.925055e+04
4.785045e+04
6.423009e+04
6.195784e+04
6.008914e+04
5.912335e+04
5.720727e+04
5.593733e+04
7.331237e+04
7.157595e+04
7.044236e+04
6.771079e+04
6.664320e+04
6.441426e+04
8.426552e+04
8.115086e+04
7.891432e+04
7.659668e+04
7.393336e+04
7.329847e+04
9.446778e+04
9.105591e+04
8.859290e+04
8.687961e+04
8.329279e+04
7.963214e+04
1.106601e+05
1.027780e+05
9.866072e+04
9.597049e+04
9.274279e+04
8.853607e+04
1.190461e+05
1.126896e+05
1.103296e+05
1.060597e+05
1.023004e+05
9.860474e+04
1.334467e+05
1.253218e+05
1.208821e+05
1.168956e+05
1.127168e+05
1.073465e+05
1.464726e+05
1.385629e+05
1.330000e+05
1.288058e+05
1.217079e+05
1.163587e+05
1.611617e+05
1.510614e+05
1.418607e+05
1.370985e+05
1.321303e+05
1.277977e+05
1.743273e+05
1.645503e+05
1.546231e+05
1.505314e+05
1.423279e+05
1.401775e+05
1.902851e+05
1.773326e+05
1.649739e+05
1.609495e+05
1.571784e+05
1.514874e+05
2.073001e+05
1.920333e+05
1.815835e+05
1.704714e+05
1.668104e+05
1.616821e+05
2.233618e+05
2.057961e+05
1.952132e+05
1.845525e+05
1.788029e+05
1.722028e+05
2.433008e+05
2.186156e+05
2.082177e+05
1.987091e+05
1.902160e+05
1.798289e+05
