5.742958e+04
6.250407e+04
6.086748e+04
5.363327e+04
5.482277e+04
5.243403e+04
9.793173e+04
9.488094e+04
8.928780e+04
8.714606e+04
8.805372e+04
8.165977e+04
1.401464e+05
1.321582e+05
1.216222e+05
1.175159e+05
1.178832e+05
1.177661e+05
1.786853e+05
1.715868e+05
1.663031e+05
1.635193e+05
1.618842e+05
1.651406e+05
2.365392e+05
2.195893e+05
2.123096e+05
2.170198e+05
2.070184e+05
1.986308e+05
3.070322e+05
2.826137e+05
2.557478e+05
2.587720e+05
2.526754e+05
2.516728e+05
3.539161e+05
3.333545e+05
3.238249e+05
3.104397e+05
2.939595e+05
2.888048e+05
4.352016e+05
4.087661e+05
3.768154e+05
3.769261e+05
3.603617e+05
3.592221e+05
5.029416e+05
4.974791e+05
4.589710e+05
4.343211e+05
4.344228e+05
4.123891e+05
5.880456e+05
5.353813e+05
5.183342e+05
4.988394e+05
4.951147e+05
4.701377e+05
