5.415909e+04
5.827379e+04
5.209071e+04
5.667170e+04
5.627700e+04
5.350561e+04
9.014227e+04
8.685423e+04
8.762377e+04
8.521749e+04
8.134388e+04
8.084566e+04
1.225603e+05
1.238234e+05
1.298223e+05
1.265395e+05
1.213115e+05
1.241526e+05
1.775627e+05
1.733983e+05
1.654882e+05
1.616372e+05
1.619793e+05
1.566762e+05
2.263499e+05
2.246481e+05
2.176041e+05
2.098575e+05
2.012261e+05
2.032480e+05
2.859827e+05
2.881014e+05
2.689252e+05
2.653104e+05
2.533773e+05
2.500861e+05
3.573867e+05
3.508762e+05
3.465517e+05
3.168460e+05
3.102178e+05
3.052250e+05
4.317741e+05
4.274678e+05
4.093695e+05
3.807766e+05
3.632224e+05
3.599902e+05
5.067598e+05
4.962314e+05
4.631864e+05
4.333734e+05
4.132284e+05
4.072692e+05
6.158095e+05
5.678012e+05
5.410186e+05
5.064733e+05
4.773863e+05
4.611046e+05
