1.491984e+04
1.507286e+04
1.423706e+04
1.332473e+04
1.284568e+04
1.346964e+04
2.320997e+04
2.235482e+04
2.290547e+04
2.159350e+04
2.141962e+04
2.254110e+04
3.329731e+04
3.234505e+04
3.082803e+04
3.087392e+04
3.064762e+04
3.060540e+04
4.662555e+04
4.366355e+04
4.148290e+04
4.207016e+04
3.983130e+04
3.985168e+04
5.938642e+04
5.913848e+04
5.428228e+04
5.240389e+04
5.190088e+04
5.118324e+04
7.496856e+04
7.074979e+04
6.909827e+04
6.446952e+04
6.412772e+04
5.797345e+04
8.783705e+04
8.652528e+04
8.197896e+04
8.086192e+04
7.616815e+04
7.344336e+04
1.062520e+05
1.050936e+05
9.783905e+04
9.449629e+04
8.915086e+04
8.726839e+04
1.306529e+05
1.259828e+05
1.134822e+05
1.129135e+05
1.052558e+05
1.017618e+05
1.516609e+05
1.416364e+05
1.361624e+05
1.271418e+05
1.217017e+05
1.193189e+05
