5.917193e+04
6.112112e+04
5.479196e+04
5.618484e+04
5.320938e+04
5.376617e+04
9.815760e+04
8.915248e+04
8.371869e+04
8.638810e+04
8.311885e+04
8.319781e+04
1.297204e+05
1.301614e+05
1.228033e+05
1.164619e+05
1.209657e+05
1.098398e+05
1.807980e+05
1.778772e+05
1.716152e+05
1.662094e+05
1.636205e+05
1.553467e+05
2.447305e+05
2.168591e+05
2.087130e+05
2.063312e+05
2.004078e+05
1.982881e+05
3.031388e+05
2.846243e+05
2.699553e+05
2.501217e+05
2.486519e+05
2.346729e+05
3.765390e+05
3.510298e+05
3.261030e+05
3.184205e+05
3.010933e+05
2.870746e+05
4.409371e+05
4.105438e+05
4.004867e+05
3.858115e+05
3.585878e+05
3.493359e+05
5.235522e+05
4.826191e+05
4.806607e+05
4.523045e+05
4.207308e+05
4.092281e+05
6.178745e+05
5.557415e+05
5.375122e+05
5.051780e+05
4.813046e+05
4.578838e+05
