1.999740e+04
1.879826e+04
1.877461e+04
1.880947e+04
1.812731e+04
1.841644e+04
2.520891e+04
2.507799e+04
2.413893e+04
2.379397e+04
2.357839e+04
2.366210e+04
3.163251e+04
3.102104e+04
2.964176e+04
3.030365e+04
2.941694e+04
2.864680e+04
3.852707e+04
3.726888e+04
3.668351e+04
3.613950e+04
3.619784e+04
3.501690e+04
4.740957e+04
4.437733e+04
4.503080e+04
4.409028e+04
4.242410e+04
4.156931e+04
5.719293e+04
5.307914e+04
5.165871e+04
5.157514e+04
4.985003e+04
4.802912e+04
6.603218e+04
6.227442e+04
6.030023e+04
5.926344e+04
5.781343e+04
5.630457e+04
7.554552e+04
7.173249e+04
6.838349e+04
6.838001e+04
6.571222e+04
6.391587e+04
8.676077e+04
8.145534e+04
7.840055e+04
7.613952e+04
7.524328e+04
7.237260e+04
9.667345e+04
9.069970e+04
8.812007e+04
8.455203e+04
8.318023e+04
8.158148e+04
1.080109e+05
1.033017e+05
9.884418e+04
9.516656e+04
9.112948e+04
9.021509e+04
1.201673e+05
1.131197e+05
1.080460e+05
1.045252e+05
1.022142e+05
9.906801e+04
1.324290e+05
1.274044e+05
1.192856e+05
1.151618e+05
1.099931e+05
1.090809e+05
1.477859e+05
1.373961e+05
1.313865e+05
1.259102e+05
1.209038e+05
1.177070e+05
1.613504e+05
1.511700e+05
1.432226e+05
1.367047e+05
1.307918e+05
1.273677e+05
1.779593e+05
1.645889e+05
1.547182e+05
1.495075e+05
1.429863e+05
1.399495e+05
1.921794e+05
1.780564e+05
1.675360e+05
1.628856e+05
1.544262e+05
1.516867e+05
2.059074e+05
1.942811e+05
1.786897e+05
1.733396e+05
1.659709e+05
1.618424e+05
2.174019e+05
2.082561e+05
1.939374e+05
1.841554e+05
1.766412e+05
1.737851e+05
2.362207e+05
2.230432e+05
2.095994e+05
1.983693e+05
1.891703e+05
1.829872e+05
