5.674483e+04
5.909812e+04
6.048081e+04
5.662327e+04
5.244426e+04
5.490927e+04
9.301640e+04
8.646336e+04
8.810423e+04
8.358612e+04
8.859174e+04
8.465639e+04
1.279049e+05
1.238143e+05
1.296463e+05
1.170101e+05
1.220993e+05
1.209580e+05
1.811337e+05
1.703644e+05
1.685723e+05
1.595331e+05
1.580232e+05
1.583593e+05
2.306871e+05
2.174358e+05
2.106762e+05
2.123961e+05
2.077507e+05
1.991610e+05
2.925715e+05
2.827278e+05
2.701409e+05
2.549846e+05
2.480466e+05
2.477188e+05
3.704553e+05
3.462914e+05
3.293254e+05
3.267870e+05
3.063613e+05
2.974884e+05
4.414685e+05
4.042218e+05
3.857228e+05
3.923171e+05
3.698071e+05
3.590086e+05
5.209333e+05
4.839849e+05
4.622453e+05
4.521675e+05
4.269057e+05
4.030620e+05
6.106376e+05
5.641366e+05
5.341477e+05
5.106249e+05
4.836955e+05
4.538259e+05
