5.874139e+04
5.873071e+04
5.688386e+04
5.800195e+04
5.476413e+04
5.366294e+04
9.441934e+04
9.248817e+04
9.028327e+04
8.820345e+04
8.650198e+04
7.949515e+04
1.370483e+05
1.312080e+05
1.318848e+05
1.212381e+05
1.242879e+05
1.195411e+05
1.800599e+05
1.821509e+05
1.652860e+05
1.643670e+05
1.573551e+05
1.605305e+05
2.332438e+05
2.333357e+05
2.187995e+05
2.130488e+05
2.020849e+05
2.010534e+05
3.029711e+05
2.741116e+05
2.639165e+05
2.611655e+05
2.535332e+05
2.440698e+05
3.625833e+05
3.380027e+05
3.289256e+05
3.171710e+05
2.909665e+05
3.023934e+05
4.414659e+05
3.994074e+05
3.974243e+05
3.860025e+05
3.450837e+05
3.502021e+05
5.166766e+05
4.726404e+05
4.516464e+05
4.378645e+05
4.078784e+05
3.954247e+05
5.968906e+05
5.571505e+05
5.434531e+05
5.032502e+05
4.591916e+05
4.597093e+05
