2.007820e+04
1.949518e+04
1.960611e+04
1.850450e+04
1.826879e+04
1.843953e+04
2.629407e+04
2.509359e+04
2.455005e+04
2.373313e+04
2.360565e+04
2.322184e+04
3.265053e+04
3.165260e+04
3.078815e+04
2.990928e+04
2.922219e+04
2.844968e+04
3.990121e+04
3.829212e+04
3.710425e+04
3.637937e+04
3.534047e+04
3.514758e+04
4.773539e+04
4.591271e+04
4.458719e+04
4.300012e+04
4.158739e+04
4.278807e+04
5.549234e+04
5.383689e+04
5.187726e+04
5.062286e+04
4.867472e+04
4.915983e+04
6.488687e+04
6.251826e+04
6.051727e+04
5.967879e+04
5.687563e+04
5.602225e+04
7.212977e+04
7.130096e+04
6.823451e+04
6.778753e+04
6.554031e+04
6.502528e+04
8.460200e+04
8.050518e+04
7.769828e+04
7.610703e+04
7.411045e+04
7.293837e+04
9.686396e+04
9.129435e+04
8.915621e+04
8.497369e+04
8.280649e+04
8.065163e+04
1.104541e+05
1.023717e+05
9.600052e+04
9.452502e+04
9.250937e+04
8.950044e+04
1.183339e+05
1.132436e+05
1.092541e+05
1.061694e+05
1.012291e+05
9.746665e+04
1.326098e+05
1.258007e+05
1.222818e+05
1.156734e+05
1.119891e+05
1.091494e+05
1.475830e+05
1.397770e+05
1.335071e+05
1.262169e+05
1.228631e+05
1.195156e+05
1.609878e+05
1.543177e+05
1.453911e+05
1.366374e+05
1.337825e+05
1.275876e+05
1.735377e+05
1.659403e+05
1.558063e+05
1.512371e+05
1.445423e+05
1.404071e+05
1.899635e+05
1.796776e+05
1.675130e+05
1.635451e+05
1.555984e+05
1.509982e+05
2.043872e+05
1.906910e+05
1.815057e+05
1.735379e+05
1.683546e+05
1.636473e+05
2.199082e+05
2.082764e+05
1.943452e+05
1.866386e+05
1.775567e+05
1.724414e+05
2.367069e+05
2.249434e+05
2.071672e+05
2.004208e+05
1.881008e+05
1.829897e+05
