5.907122e+04
5.598198e+04
5.323035e+04
5.244538e+04
4.996495e+04
5.367480e+04
9.026215e+04
9.154062e+04
8.650277e+04
8.144273e+04
8.323737e+04
8.054602e+04
1.319060e+05
1.294206e+05
1.245090e+05
1.204268e+05
1.203264e+05
1.197683e+05
1.822704e+05
1.740586e+05
1.736452e+05
1.696412e+05
1.638077e+05
1.626709e+05
2.262854e+05
2.268126e+05
2.076124e+05
2.182089e+05
2.024242e+05
2.083002e+05
2.914690e+05
2.840236e+05
2.698184e+05
2.652171e+05
2.481091e+05
2.521033e+05
3.739367e+05
3.523663e+05
3.334133e+05
3.291196e+05
3.106835e+05
3.030473e+05
4.404608e+05
4.399652e+05
4.039541e+05
3.893157e+05
3.652993e+05
3.408163e+05
5.189159e+05
4.828051e+05
4.615259e+05
4.324208e+05
4.154219e+05
3.935817e+05
6.037565e+05
5.591062e+05
5.316181e+05
5.104718e+05
4.643065e+05
4.578700e+05
