5.721245e+04
5.325787e+04
5.592675e+04
5.560304e+04
5.327462e+04
5.318853e+04
8.747001e+04
9.008638e+04
8.741600e+04
8.599166e+04
8.031968e+04
8.028354e+04
1.340589e+05
1.328331e+05
1.211209e+05
1.204442e+05
1.203087e+05
1.228932e+05
1.814196e+05
1.816825e+05
1.688958e+05
1.582700e+05
1.557193e+05
1.615071e+05
2.346563e+05
2.298662e+05
2.188157e+05
2.039877e+05
2.005820e+05
1.988587e+05
2.977555e+05
2.916868e+05
2.793411e+05
2.541269e+05
2.514306e+05
2.413926e+05
3.888920e+05
3.588582e+05
3.300181e+05
3.130693e+05
2.965575e+05
2.942927e+05
4.445624e+05
4.261882e+05
3.889469e+05
3.726557e+05
3.583756e+05
3.449628e+05
5.442781e+05
4.973916e+05
4.644210e+05
4.400338e+05
4.211813e+05
4.007167e+05
6.095517e+05
5.646755e+05
5.342460e+05
5.022470e+05
4.738579e+05
4.602164e+05
