2.010220e+04
1.925318e+04
1.882221e+04
1.842320e+04
1.828817e+04
1.771505e+04
2.585548e+04
2.538924e+04
2.473316e+04
2.408535e+04
2.393269e+04
2.318341e+04
3.158890e+04
3.118074e+04
3.084906e+04
2.994084e+04
2.920660e+04
2.932472e+04
3.812508e+04
3.779678e+04
3.806894e+04
3.682092e+04
3.549260e+04
3.497116e+04
4.680221e+04
4.586489e+04
4.369437e+04
4.332588e+04
4.257911e+04
4.157232e+04
5.576912e+04
5.432421e+04
5.221028e+04
5.068981e+04
4.946710e+04
4.962900e+04
6.374049e+04
6.361555e+04
6.029454e+04
5.847320e+04
5.675329e+04
5.661674e+04
7.589712e+04
7.239614e+04
6.875912e+04
6.694578e+04
6.419452e+04
6.400048e+04
8.551137e+04
8.214889e+04
7.930222e+04
7.623154e+04
7.323906e+04
7.322792e+04
9.737705e+04
9.116212e+04
8.897375e+04
8.566872e+04
8.134979e+04
8.115167e+04
1.095226e+05
1.017278e+05
9.838037e+04
9.589883e+04
9.237073e+04
9.026690e+04
1.214204e+05
1.123048e+05
1.093098e+05
1.057593e+05
1.021241e+05
9.930075e+04
1.351060e+05
1.251916e+05
1.224371e+05
1.156986e+05
1.113169e+05
1.111640e+05
1.462493e+05
1.358580e+05
1.323984e+05
1.256206e+05
1.205926e+05
1.201409e+05
1.590164e+05
1.496514e+05
1.453200e+05
1.375704e+05
1.325410e+05
1.309356e+05
1.729937e+05
1.654911e+05
1.571218e+05
1.505396e+05
1.424104e+05
1.400261e+05
1.874104e+05
1.771012e+05
1.703803e+05
1.638519e+05
1.539763e+05
1.491329e+05
2.026253e+05
1.924295e+05
1.842997e+05
1.739405e+05
1.680572e+05
1.614244e+05
2.198246e+05
2.075044e+05
1.965829e+05
1.854343e+05
1.777670e+05
1.732852e+05
2.365356e+05
2.228775e+05
2.077097e+05
1.997619e+05
1.913462e+05
1.846022e+05
