5.768826e+04
5.653282e+04
5.324494e+04
5.459062e+04
5.406685e+04
5.139930e+04
9.913584e+04
9.057656e+04
8.927231e+04
8.690687e+04
8.253956e+04
8.024049e+04
1.358453e+05
1.230668e+05
1.172475e+05
1.180115e+05
1.193271e+05
1.133305e+05
1.844596e+05
1.714495e+05
1.676286e+05
1.598604e+05
1.535900e+05
1.565424e+05
2.280131e+05
2.209170e+05
2.147720e+05
1.963940e+05
1.988956e+05
1.883939e+05
2.974318e+05
2.727364e+05
2.717000e+05
2.669988e+05
2.382080e+05
2.522774e+05
3.706377e+05
3.543669e+05
3.421665e+05
3.138011e+05
3.048916e+05
3.008980e+05
4.361055e+05
4.185037e+05
3.996432e+05
3.820289e+05
3.578454e+05
3.460625e+05
5.286635e+05
4.924902e+05
4.696371e+05
4.493367e+05
4.105312e+05
3.981144e+05
6.209482e+05
5.545691e+05
5.290359e+05
5.079799e+05
4.776731e+05
4.551798e+05
