5.410487e+04
5.749349e+04
5.554715e+04
5.445900e+04
5.543129e+04
5.442820e+04
9.342586e+04
9.081271e+04
8.411100e+04
8.444024e+04
8.175697e+04
8.082379e+04
1.298555e+05
1.320039e+05
1.167180e+05
1.165770e+05
1.172736e+05
1.216617e+05
1.825918e+05
1.712203e+05
1.647540e+05
1.601481e+05
1.557618e+05
1.615505e+05
2.281024e+05
2.213496e+05
2.106347e+05
2.019998e+05
2.047313e+05
2.036494e+05
2.947877e+05
2.913600e+05
2.575239e+05
2.553116e+05
2.554223e+05
2.484436e+05
3.719716e+05
3.460731e+05
3.174932e+05
3.265085e+05
3.009905e+05
2.872873e+05
4.362663e+05
4.030982e+05
3.841160e+05
3.796170e+05
3.614530e+05
3.525632e+05
5.093900e+05
4.933726e+05
4.634093e+05
4.485263e+05
4.154954e+05
4.015408e+05
6.037063e+05
5.662765e+05
5.183283e+05
4.932369e+05
4.816132e+05
4.637081e+05
