1.978348e+04
1.904738e+04
1.886573e+04
1.890829e+04
1.850309e+04
1.805350e+04
2.520873e+04
2.492849e+04
2.441636e+04
2.407233e+04
2.390391e+04
2.334210e+04
3.233197e+04
3.063094e+04
3.049229e+04
2.925450e+04
2.940346e+04
2.822256e+04
3.991937e+04
3.827202e+04
3.657479e+04
3.597624e+04
3.477862e+04
3.554296e+04
4.798527e+04
4.498151e+04
4.408098e+04
4.199552e+04
4.140553e+04
4.141351e+04
5.483807e+04
5.321221e+04
5.171740e+04
4.985437e+04
4.892937e+04
4.824543e+04
6.444875e+04
6.221137e+04
5.959421e+04
5.849228e+04
5.588882e+04
5.551869e+04
7.442480e+04
7.010471e+04
6.841471e+04
6.886505e+04
6.564380e+04
6.379473e+04
8.348690e+04
8.149574e+04
7.912809e+04
7.522544e+04
7.236905e+04
7.244560e+04
9.500631e+04
8.997053e+04
8.875812e+04
8.578852e+04
8.262475e+04
8.065557e+04
1.054721e+05
1.022490e+05
9.666495e+04
9.513051e+04
9.105832e+04
8.984799e+04
1.190433e+05
1.124047e+05
1.087790e+05
1.043885e+05
1.006518e+05
9.941706e+04
1.295749e+05
1.268397e+05
1.202199e+05
1.152453e+05
1.112108e+05
1.087868e+05
1.461336e+05
1.372349e+05
1.327305e+05
1.263244e+05
1.191513e+05
1.211627e+05
1.580861e+05
1.516762e+05
1.465645e+05
1.362502e+05
1.316316e+05
1.294953e+05
1.741095e+05
1.633258e+05
1.562824e+05
1.489987e+05
1.439814e+05
1.400818e+05
1.927805e+05
1.776219e+05
1.697066e+05
1.625985e+05
1.550016e+05
1.506522e+05
2.076992e+05
1.934359e+05
1.825021e+05
1.754044e+05
1.654858e+05
1.615409e+05
2.236622e+05
2.048588e+05
1.936333e+05
1.832464e+05
1.777502e+05
1.761508e+05
2.384809e+05
2.208880e+05
2.069167e+05
1.971170e+05
1.907308e+05
1.862570e+05
