6.274589e+04
6.107219e+04
5.514278e+04
5.457957e+04
5.315079e+04
4.957850e+04
9.334895e+04
9.300005e+04
9.425597e+04
8.653121e+04
8.067517e+04
8.062100e+04
1.312692e+05
1.237837e+05
1.288271e+05
1.162744e+05
1.139579e+05
1.226713e+05
1.831173e+05
1.743001e+05
1.665628e+05
1.673597e+05
1.579968e+05
1.483171e+05
2.237876e+05
2.209825e+05
2.216448e+05
2.133161e+05
1.977686e+05
2.050413e+05
2.866864e+05
2.721394e+05
2.611245e+05
2.609526e+05
2.563835e+05
2.539071e+05
3.610829e+05
3.397476e+05
3.167986e+05
3.240039e+05
3.064363e+05
2.884203e+05
4.259829e+05
4.065575e+05
3.765798e+05
3.723450e+05
3.605889e+05
3.526676e+05
4.924878e+05
4.778331e+05
4.467746e+05
4.332745e+05
3.999000e+05
4.019845e+05
6.026550e+05
5.619621e+05
5.287020e+05
5.142041e+05
4.766474e+05
4.651200e+05
