2.034002e+04
1.995744e+04
1.924824e+04
1.863523e+04
1.849783e+04
1.812132e+04
2.578355e+04
2.480821e+04
2.446240e+04
2.375447e+04
2.372597e+04
2.286784e+04
3.187145e+04
3.136345e+04
3.033403e+04
3.000467e+04
2.940745e+04
2.909868e+04
3.941293e+04
3.751439e+04
3.708738e+04
3.699492e+04
3.497589e+04
3.585184e+04
4.673662e+04
4.462919e+04
4.471813e+04
4.329503e+04
4.259863e+04
4.257252e+04
5.587570e+04
5.316344e+04
5.228138e+04
5.049023e+04
5.057018e+04
4.870892e+04
6.470119e+04
6.192899e+04
6.023449e+04
5.921044e+04
5.733500e+04
5.533715e+04
7.372372e+04
7.046933e+04
6.773827e+04
6.660712e+04
6.501556e+04
6.365138e+04
8.517985e+04
8.135843e+04
7.861021e+04
7.538862e+04
7.359308e+04
7.195340e+04
9.849284e+04
9.155195e+04
8.698257e+04
8.449300e+04
8.101093e+04
7.911688e+04
1.077428e+05
1.026425e+05
9.774834e+04
9.418055e+04
9.121882e+04
9.002108e+04
1.202905e+05
1.139923e+05
1.100631e+05
1.042935e+05
1.010737e+05
1.001877e+05
1.318942e+05
1.280998e+05
1.198246e+05
1.157449e+05
1.107975e+05
1.104618e+05
1.474242e+05
1.376649e+05
1.331310e+05
1.275026e+05
1.223782e+05
1.196694e+05
1.597645e+05
1.512596e+05
1.461907e+05
1.389582e+05
1.325792e+05
1.303199e+05
1.770611e+05
1.629918e+05
1.586180e+05
1.492184e+05
1.440287e+05
1.410164e+05
1.914478e+05
1.740750e+05
1.703450e+05
1.610943e+05
1.559967e+05
1.496100e+05
2.063315e+05
1.923015e+05
1.850053e+05
1.713733e+05
1.663936e+05
1.619983e+05
2.214560e+05
2.066779e+05
1.968108e+05
1.871590e+05
1.767603e+05
1.752983e+05
2.366988e+05
2.223795e+05
2.096329e+05
1.980023e+05
1.881432e+05
1.821763e+05
