1.969774e+04
1.916399e+04
1.883887e+04
1.875635e+04
1.854714e+04
1.848273e+04
2.559596e+04
2.497046e+04
2.435644e+04
2.451943e+04
2.333642e+04
2.305962e+04
3.186652e+04
3.044070e+04
3.018838e+04
2.976166e+04
2.885164e+04
2.832690e+04
3.868037e+04
3.776384e+04
3.794990e+04
3.715554e+04
3.548120e+04
3.403886e+04
4.678092e+04
4.400331e+04
4.348534e+04
4.329562e+04
4.277477e+04
4.086070e+04
5.409798e+04
5.202634e+04
5.056184e+04
5.068032e+04
4.982633e+04
4.855783e+04
6.336468e+04
6.227208e+04
6.071323e+04
5.856642e+04
5.748199e+04
5.669724e+04
7.441578e+04
7.088507e+04
6.890792e+04
6.758374e+04
6.552479e+04
6.396555e+04
8.477983e+04
8.143055e+04
7.761003e+04
7.734981e+04
7.341440e+04
7.182973e+04
9.586675e+04
9.168501e+04
8.859749e+04
8.489386e+04
8.120188e+04
8.068331e+04
1.081885e+05
1.022496e+05
9.748664e+04
9.466628e+04
9.159323e+04
8.957786e+04
1.210782e+05
1.144452e+05
1.086186e+05
1.034430e+05
1.018875e+05
9.913228e+04
1.311189e+05
1.259783e+05
1.193766e+05
1.144266e+05
1.112971e+05
1.073385e+05
1.447942e+05
1.363451e+05
1.316921e+05
1.274744e+05
1.216739e+05
1.167357e+05
1.613371e+05
1.509337e+05
1.454654e+05
1.383872e+05
1.328391e+05
1.283224e+05
1.749032e+05
1.660138e+05
1.579067e+05
1.497478e+05
1.438477e+05
1.376984e+05
1.911312e+05
1.796691e+05
1.696195e+05
1.627866e+05
1.552047e+05
1.489453e+05
2.058386e+05
1.906415e+05
1.821633e+05
1.753494e+05
1.666818e+05
1.598413e+05
2.204569e+05
2.084237e+05
1.950940e+05
1.878749e+05
1.767174e+05
1.713766e+05
2.324456e+05
2.220183e+05
2.087476e+05
2.015749e+05
1.894817e+05
1.824031e+05
