5.635586e+04
6.043521e+04
5.647537e+04
5.611429e+04
5.276826e+04
5.493115e+04
9.040589e+04
9.061929e+04
8.420136e+04
8.622939e+04
9.024861e+04
8.471449e+04
1.356368e+05
1.306295e+05
1.225156e+05
1.191381e+05
1.210605e+05
1.256928e+05
1.810613e+05
1.789714e+05
1.712609e+05
1.684496e+05
1.665280e+05
1.615776e+05
2.337217e+05
2.254993e+05
2.147961e+05
2.179374e+05
2.058012e+05
1.976020e+05
3.009888e+05
2.765182e+05
2.666479e+05
2.592037e+05
2.543356e+05
2.382718e+05
3.834887e+05
3.390478e+05
3.208012e+05
3.081534e+05
3.108477e+05
3.060440e+05
4.483090e+05
3.951375e+05
3.874166e+05
3.689967e+05
3.590070e+05
3.431107e+05
5.159495e+05
4.936867e+05
4.406245e+05
4.409466e+05
4.292698e+05
4.127397e+05
6.191074e+05
5.351437e+05
5.114005e+05
5.134919e+05
4.745625e+05
4.513416e+05
