5.884526e+04
5.586526e+04
5.398028e+04
5.584455e+04
5.342594e+04
5.358618e+04
9.569787e+04
8.971395e+04
9.279432e+04
8.494768e+04
8.682005e+04
8.863268e+04
1.280226e+05
1.318118e+05
1.223883e+05
1.199703e+05
1.215116e+05
1.189620e+05
1.751941e+05
1.703677e+05
1.660227e+05
1.606646e+05
1.625526e+05
1.551564e+05
2.321667e+05
2.147599e+05
2.057683e+05
2.071918e+05
1.980489e+05
2.018940e+05
2.930969e+05
2.855091e+05
2.697074e+05
2.616312e+05
2.602164e+05
2.449792e+05
3.610068e+05
3.363817e+05
3.267977e+05
3.180741e+05
3.053455e+05
2.959129e+05
4.454736e+05
4.152476e+05
4.004572e+05
3.855373e+05
3.613055e+05
3.639978e+05
5.147640e+05
4.913904e+05
4.602839e+05
4.294192e+05
4.083416e+05
4.171876e+05
6.384093e+05
5.697018e+05
5.422160e+05
5.082393e+05
4.612630e+05
4.624114e+05
