5.569697e+04
5.782216e+04
5.428482e+04
5.454592e+04
5.145827e+04
5.386660e+04
9.296519e+04
8.706650e+04
8.843213e+04
8.784395e+04
8.172405e+04
8.314173e+04
1.253050e+05
1.278490e+05
1.224134e+05
1.210185e+05
1.226032e+05
1.240062e+05
1.754085e+05
1.680609e+05
1.675132e+05
1.611966e+05
1.626133e+05
1.548979e+05
2.319440e+05
2.270995e+05
2.110557e+05
2.062241e+05
2.001319e+05
1.989765e+05
2.973068e+05
2.748952e+05
2.698707e+05
2.566446e+05
2.511229e+05
2.509538e+05
3.724681e+05
3.420337e+05
3.281318e+05
3.227370e+05
3.024748e+05
2.848373e+05
4.481398e+05
4.108023e+05
3.934897e+05
3.837097e+05
3.518589e+05
3.386661e+05
5.027110e+05
4.898503e+05
4.687812e+05
4.465284e+05
4.244977e+05
3.856985e+05
6.002325e+05
5.477475e+05
5.092476e+05
4.983240e+05
4.626767e+05
4.468820e+05
