1.943814e+04
1.888499e+04
1.842735e+04
1.857189e+04
1.864898e+04
1.826618e+04
2.500527e+04
2.441256e+04
2.373862e+04
2.395982e+04
2.357468e+04
2.387663e+04
3.151015e+04
3.115687e+04
2.963680e+04
2.989995e+04
2.891231e+04
2.950636e+04
3.966010e+04
3.773168e+04
3.715658e+04
3.664728e+04
3.572150e+04
3.492977e+04
4.711642e+04
4.564268e+04
4.433909e+04
4.337124e+04
4.180377e+04
4.119539e+04
5.477871e+04
5.341590e+04
5.220127e+04
5.080289e+04
4.886253e+04
4.875654e+04
6.490581e+04
6.169092e+04
6.060656e+04
5.873310e+04
5.799743e+04
5.666892e+04
7.393027e+04
7.169871e+04
6.876562e+04
6.646540e+04
6.569303e+04
6.522681e+04
8.452166e+04
8.045761e+04
7.950548e+04
7.663445e+04
7.318566e+04
7.323960e+04
9.708541e+04
9.290685e+04
8.991624e+04
8.503121e+04
8.233898e+04
8.087366e+04
1.080297e+05
1.048928e+05
9.968360e+04
9.485938e+04
9.153495e+04
8.978115e+04
1.205779e+05
1.164395e+05
1.127503e+05
1.050793e+05
1.030361e+05
9.946481e+04
1.340265e+05
1.273707e+05
1.222525e+05
1.135257e+05
1.135638e+05
1.091819e+05
1.472119e+05
1.379792e+05
1.333611e+05
1.269141e+05
1.237278e+05
1.208752e+05
1.599298e+05
1.505618e+05
1.424216e+05
1.366971e+05
1.330860e+05
1.302408e+05
1.769704e+05
1.643938e+05
1.569973e+05
1.477980e+05
1.438318e+05
1.394868e+05
1.913797e+05
1.826708e+05
1.696013e+05
1.604587e+05
1.531055e+05
1.486255e+05
2.047105e+05
1.951943e+05
1.819966e+05
1.717049e+05
1.659515e+05
1.620602e+05
2.204450e+05
2.098273e+05
1.932492e+05
1.861791e+05
1.764781e+05
1.731734e+05
2.389763e+05
2.228683e+05
2.081545e+05
2.005239e+05
1.869365e+05
1.844973e+05
