2.011636e+04
1.944168e+04
1.862749e+04
1.811711e+04
1.806460e+04
1.847996e+04
2.587116e+04
2.525141e+04
2.384808e+04
2.365730e+04
2.353363e+04
2.360237e+04
3.210309e+04
3.121831e+04
3.025460e+04
2.949244e+04
2.943105e+04
2.918606e+04
3.825614e+04
3.741200e+04
3.695932e+04
3.641346e+04
3.568902e+04
3.490880e+04
4.597364e+04
4.438552e+04
4.377077e+04
4.339907e+04
4.238121e+04
4.148500e+04
5.487252e+04
5.270096e+04
5.117595e+04
5.048238e+04
4.922764e+04
4.800967e+04
6.398425e+04
6.191859e+04
6.031481e+04
5.755731e+04
5.671650e+04
5.571748e+04
7.394293e+04
7.201606e+04
6.920516e+04
6.719851e+04
6.358776e+04
6.453025e+04
8.390735e+04
8.036045e+04
7.859657e+04
7.661584e+04
7.329901e+04
7.261072e+04
9.594219e+04
8.956035e+04
8.821776e+04
8.594996e+04
8.236824e+04
8.061678e+04
1.104596e+05
1.034016e+05
9.896005e+04
9.717207e+04
9.204081e+04
8.938770e+04
1.195952e+05
1.137186e+05
1.086093e+05
1.049009e+05
1.013219e+05
9.907791e+04
1.338303e+05
1.247671e+05
1.191454e+05
1.155421e+05
1.128220e+05
1.088856e+05
1.467213e+05
1.349090e+05
1.295651e+05
1.250581e+05
1.251175e+05
1.181125e+05
1.614406e+05
1.494497e+05
1.410481e+05
1.394095e+05
1.332289e+05
1.288093e+05
1.784754e+05
1.630488e+05
1.547883e+05
1.478129e+05
1.447613e+05
1.394185e+05
1.889267e+05
1.795048e+05
1.692516e+05
1.612975e+05
1.544076e+05
1.514203e+05
2.059665e+05
1.928964e+05
1.819036e+05
1.720420e+05
1.665969e+05
1.648411e+05
2.192966e+05
2.064544e+05
1.944846e+05
1.824932e+05
1.767860e+05
1.727610e+05
2.373772e+05
2.264596e+05
2.093061e+05
1.996575e+05
1.904366e+05
1.840352e+05
