6.049274e+04
6.088769e+04
5.881482e+04
5.686175e+04
5.493825e+04
5.555677e+04
9.229281e+04
8.607694e+04
9.007941e+04
8.904178e+04
9.102189e+04
8.241809e+04
1.362338e+05
1.303316e+05
1.184531e+05
1.277973e+05
1.221765e+05
1.204965e+05
1.759382e+05
1.635200e+05
1.703892e+05
1.615675e+05
1.569883e+05
1.611203e+05
2.329898e+05
2.228528e+05
2.132303e+05
2.049028e+05
1.965312e+05
2.028318e+05
2.901373e+05
2.809468e+05
2.703673e+05
2.471362e+05
2.470435e+05
2.326700e+05
3.585337e+05
3.242800e+05
3.214457e+05
3.092139e+05
2.935415e+05
2.869428e+05
4.386729e+05
4.061015e+05
3.909598e+05
3.673715e+05
3.519345e+05
3.513325e+05
4.851945e+05
4.940758e+05
4.775221e+05
4.298020e+05
3.964108e+05
4.165424e+05
5.972660e+05
5.275858e+05
5.226669e+05
5.041953e+05
4.779668e+05
4.746812e+05
