2.006005e+04
1.909751e+04
1.914423e+04
1.884572e+04
1.884626e+04
1.808235e+04
2.621101e+04
2.493093e+04
2.428766e+04
2.400342e+04
2.351982e+04
2.374882e+04
3.203030e+04
3.044516e+04
3.014646e+04
2.931825e+04
2.899148e+04
2.897576e+04
3.852614e+04
3.710460e+04
3.666929e+04
3.607704e+04
3.568128e+04
3.531285e+04
4.707087e+04
4.460712e+04
4.382140e+04
4.378085e+04
4.218897e+04
4.198144e+04
5.639672e+04
5.345630e+04
5.249074e+04
5.141363e+04
4.928521e+04
4.803905e+04
6.476492e+04
6.374577e+04
6.105701e+04
6.002243e+04
5.703212e+04
5.717441e+04
7.539374e+04
7.156786e+04
6.923627e+04
6.741934e+04
6.541799e+04
6.511852e+04
8.522810e+04
8.249041e+04
7.906021e+04
7.653305e+04
7.386088e+04
7.378135e+04
9.585794e+04
9.263854e+04
8.778883e+04
8.686915e+04
8.182359e+04
8.372993e+04
1.087118e+05
1.031811e+05
9.897483e+04
9.459093e+04
9.015795e+04
9.272187e+04
1.191313e+05
1.136740e+05
1.088096e+05
1.052605e+05
9.962583e+04
9.994057e+04
1.328487e+05
1.249937e+05
1.183594e+05
1.134991e+05
1.099108e+05
1.081084e+05
1.464580e+05
1.386927e+05
1.295667e+05
1.268996e+05
1.210429e+05
1.169731e+05
1.617338e+05
1.492172e+05
1.423484e+05
1.365425e+05
1.310890e+05
1.261483e+05
1.746207e+05
1.638233e+05
1.553152e+05
1.493422e+05
1.413690e+05
1.395512e+05
1.930988e+05
1.742353e+05
1.654783e+05
1.596767e+05
1.513802e+05
1.488321e+05
2.077696e+05
1.874656e+05
1.814625e+05
1.724073e+05
1.628205e+05
1.596931e+05
2.222293e+05
2.056801e+05
1.979497e+05
1.867762e+05
1.771945e+05
1.714187e+05
2.374021e+05
2.253709e+05
2.085699e+05
1.986122e+05
1.898524e+05
1.841090e+05
