5.949770e+04
5.551732e+04
5.530061e+04
5.714606e+04
5.497472e+04
5.243584e+04
9.696720e+04
9.129411e+04
9.028392e+04
8.822673e+04
8.432758e+04
8.129428e+04
1.351704e+05
1.370991e+05
1.237981e+05
1.265449e+05
1.140619e+05
1.179396e+05
1.743512e+05
1.801475e+05
1.717265e+05
1.624130e+05
1.512892e+05
1.585902e+05
2.425418e+05
2.232647e+05
2.065977e+05
2.127716e+05
1.939855e+05
1.958116e+05
3.113078e+05
2.872068e+05
2.623602e+05
2.513138e+05
2.545371e+05
2.375633e+05
3.784471e+05
3.391521e+05
3.258230e+05
3.064006e+05
2.974194e+05
2.838277e+05
4.478399e+05
4.038774e+05
3.855983e+05
3.659985e+05
3.470593e+05
3.562063e+05
5.082649e+05
4.860498e+05
4.564645e+05
4.428860e+05
3.972865e+05
4.066117e+05
6.257543e+05
5.645673e+05
5.344307e+05
4.837913e+05
4.740147e+05
4.599907e+05
