5.908139e+04
6.090441e+04
5.658189e+04
5.490042e+04
4.979414e+04
5.401583e+04
9.794016e+04
9.234036e+04
8.706989e+04
9.163012e+04
8.369058e+04
8.099332e+04
1.379919e+05
1.328576e+05
1.313624e+05
1.163788e+05
1.219262e+05
1.243268e+05
1.882800e+05
1.695808e+05
1.627099e+05
1.585778e+05
1.617250e+05
1.604612e+05
2.352290e+05
2.218227e+05
2.214200e+05
2.116048e+05
2.094941e+05
2.006586e+05
2.933645e+05
2.946967e+05
2.649345e+05
2.465209e+05
2.550597e+05
2.422972e+05
3.593501e+05
3.399970e+05
3.209206e+05
3.200059e+05
3.062794e+05
2.947596e+05
4.303983e+05
4.054272e+05
3.973668e+05
3.802721e+05
3.605414e+05
3.440573e+05
5.324435e+05
4.911757e+05
4.727443e+05
4.466659e+05
3.961313e+05
4.055998e+05
6.020429e+05
5.601113e+05
5.249674e+05
5.099743e+05
4.771663e+05
4.624859e+05
