5.778721e+04
5.837343e+04
5.575057e+04
5.679534e+04
5.475990e+04
6.056977e+04
9.376792e+04
9.041333e+04
8.602143e+04
8.945722e+04
8.510574e+04
9.040173e+04
1.347751e+05
1.258698e+05
1.223591e+05
1.211218e+05
1.223298e+05
1.192015e+05
1.714605e+05
1.759493e+05
1.712384e+05
1.570096e+05
1.568465e+05
1.545917e+05
2.270162e+05
2.241980e+05
2.110171e+05
2.105733e+05
2.007829e+05
1.985414e+05
2.862007e+05
2.773485e+05
2.675414e+05
2.579179e+05
2.541810e+05
2.399190e+05
3.658246e+05
3.498441e+05
3.206127e+05
3.162324e+05
2.968658e+05
2.908291e+05
4.236185e+05
4.020019e+05
4.079483e+05
3.728288e+05
3.482441e+05
3.469264e+05
5.084014e+05
4.706341e+05
4.542717e+05
4.463806e+05
4.170685e+05
3.991823e+05
6.049645e+05
5.578830e+05
5.442169e+05
5.052972e+05
4.618869e+05
4.562326e+05
