5.688060e+04
5.609046e+04
5.498925e+04
5.528971e+04
5.357524e+04
5.027573e+04
8.745951e+04
8.044855e+04
8.590590e+04
8.102148e+04
8.259147e+04
8.199287e+04
1.265975e+05
1.258291e+05
1.216091e+05
1.244230e+05
1.169645e+05
1.180612e+05
1.755128e+05
1.658014e+05
1.629035e+05
1.603250e+05
1.576463e+05
1.586016e+05
2.235668e+05
2.232359e+05
2.127850e+05
2.185979e+05
1.978028e+05
1.954290e+05
2.994463e+05
2.711243e+05
2.721785e+05
2.591248e+05
2.562755e+05
2.518143e+05
3.606440e+05
3.393358e+05
3.375195e+05
3.197023e+05
3.029084e+05
2.836795e+05
4.450092e+05
4.152972e+05
3.955098e+05
3.639005e+05
3.654066e+05
3.534389e+05
5.132988e+05
4.757622e+05
4.542571e+05
4.286465e+05
4.251727e+05
4.150503e+05
5.929220e+05
5.478588e+05
5.222607e+05
4.943996e+05
4.771964e+05
4.640681e+05
