5.505644e+04
5.775035e+04
5.608750e+04
5.253200e+04
5.449005e+04
5.591573e+04
8.956431e+04
8.503771e+04
8.912523e+04
8.755623e+04
8.522130e+04
8.402600e+04
1.331062e+05
1.331154e+05
1.260892e+05
1.207766e+05
1.181328e+05
1.240019e+05
1.767057e+05
1.695881e+05
1.732178e+05
1.617605e+05
1.585025e+05
1.625465e+05
2.373679e+05
2.253908e+05
2.117783e+05
2.071343e+05
2.021513e+05
2.110599e+05
2.858435e+05
2.914159e+05
2.743604e+05
2.593620e+05
2.478030e+05
2.538381e+05
3.696836e+05
3.458482e+05
3.406282e+05
3.221755e+05
3.009462e+05
3.074413e+05
4.440019e+05
4.093461e+05
3.942633e+05
3.811574e+05
3.705741e+05
3.603159e+05
5.099561e+05
4.779367e+05
4.534447e+05
4.383867e+05
4.138539e+05
4.151081e+05
6.315730e+05
5.657335e+05
5.185242e+05
5.060811e+05
4.877000e+05
4.693823e+05
