1.958450e+04
1.890542e+04
1.872480e+04
1.885838e+04
1.868989e+04
1.825803e+04
2.427455e+04
2.460421e+04
2.412740e+04
2.423774e+04
2.361205e+04
2.234039e+04
3.143707e+04
3.081925e+04
3.058170e+04
3.043305e+04
2.952380e+04
2.846314e+04
3.831494e+04
3.777749e+04
3.804286e+04
3.687283e+04
3.609286e+04
3.448917e+04
4.761284e+04
4.574929e+04
4.394837e+04
4.348565e+04
4.213571e+04
4.158838e+04
5.658428e+04
5.401077e+04
5.217520e+04
4.983902e+04
4.968892e+04
4.900024e+04
6.542715e+04
6.304472e+04
5.962554e+04
5.737792e+04
5.667118e+04
5.540447e+04
7.516839e+04
7.234889e+04
6.822138e+04
6.628235e+04
6.483373e+04
6.378894e+04
8.532371e+04
8.137684e+04
7.828946e+04
7.628499e+04
7.330849e+04
7.092228e+04
9.635771e+04
9.384422e+04
8.886334e+04
8.530169e+04
8.113712e+04
8.117630e+04
1.096484e+05
1.035602e+05
9.878397e+04
9.679691e+04
9.298262e+04
9.019912e+04
1.215091e+05
1.169206e+05
1.104975e+05
1.035754e+05
1.012884e+05
9.958146e+04
1.350348e+05
1.269096e+05
1.203283e+05
1.185045e+05
1.124873e+05
1.079761e+05
1.458350e+05
1.375701e+05
1.335961e+05
1.275384e+05
1.198074e+05
1.183502e+05
1.589527e+05
1.496966e+05
1.458068e+05
1.378970e+05
1.300424e+05
1.293854e+05
1.725594e+05
1.644005e+05
1.559669e+05
1.476286e+05
1.418346e+05
1.415939e+05
1.881067e+05
1.790971e+05
1.682492e+05
1.591759e+05
1.507809e+05
1.504540e+05
2.054909e+05
1.947752e+05
1.812107e+05
1.697952e+05
1.624629e+05
1.622643e+05
2.227333e+05
2.070601e+05
1.946956e+05
1.806437e+05
1.750210e+05
1.732576e+05
2.394027e+05
2.212147e+05
2.103200e+05
1.963270e+05
1.874562e+05
1.819356e+05
