5.866489e+04
5.917149e+04
5.448988e+04
5.553373e+04
5.419178e+04
5.663619e+04
9.698536e+04
8.942101e+04
8.261757e+04
9.264453e+04
8.169332e+04
8.587956e+04
1.381923e+05
1.290548e+05
1.225684e+05
1.247167e+05
1.235729e+05
1.196995e+05
1.785782e+05
1.738923e+05
1.724737e+05
1.620466e+05
1.690267e+05
1.538572e+05
2.407427e+05
2.283575e+05
2.110648e+05
2.150508e+05
2.136405e+05
1.895047e+05
3.033345e+05
2.819309e+05
2.745218e+05
2.721901e+05
2.589252e+05
2.473478e+05
3.626649e+05
3.346689e+05
3.352745e+05
3.213674e+05
3.056576e+05
2.882690e+05
4.331157e+05
4.264300e+05
3.975941e+05
3.846400e+05
3.626425e+05
3.562024e+05
5.308202e+05
5.011532e+05
4.639695e+05
4.322509e+05
4.167301e+05
4.063312e+05
5.984247e+05
5.674162e+05
5.183712e+05
4.898746e+05
4.709777e+05
4.626845e+05
