6.162530e+04
5.842622e+04
5.487696e+04
5.428020e+04
5.354636e+04
5.208692e+04
9.611696e+04
8.718975e+04
9.141694e+04
8.852672e+04
8.721981e+04
8.024327e+04
1.385815e+05
1.299529e+05
1.221996e+05
1.197460e+05
1.191298e+05
1.196010e+05
1.786513e+05
1.731685e+05
1.734710e+05
1.560164e+05
1.623817e+05
1.631730e+05
2.297905e+05
2.296474e+05
2.156572e+05
2.112459e+05
2.041820e+05
2.045260e+05
2.961886e+05
2.873777e+05
2.644654e+05
2.608329e+05
2.466514e+05
2.459438e+05
3.670300e+05
3.398076e+05
3.266858e+05
3.133333e+05
2.897939e+05
3.025947e+05
4.466448e+05
4.267259e+05
3.881088e+05
3.684993e+05
3.685069e+05
3.597975e+05
5.448203e+05
5.084289e+05
4.619525e+05
4.240896e+05
4.431227e+05
4.133310e+05
6.251748e+05
5.609481e+05
5.361977e+05
5.060897e+05
4.755419e+05
4.833326e+05
