5.802503e+04
5.654739e+04
5.401718e+04
5.519782e+04
5.189306e+04
5.142056e+04
9.824654e+04
9.009710e+04
9.168298e+04
9.017920e+04
8.012149e+04
8.228181e+04
1.268607e+05
1.339840e+05
1.331703e+05
1.263205e+05
1.165495e+05
1.118143e+05
1.805112e+05
1.825850e+05
1.722434e+05
1.622075e+05
1.517486e+05
1.534371e+05
2.376421e+05
2.175785e+05
2.150808e+05
2.072637e+05
2.016661e+05
2.014458e+05
2.937562e+05
2.754567e+05
2.606974e+05
2.562918e+05
2.440147e+05
2.466524e+05
3.694427e+05
3.470720e+05
3.280581e+05
3.091398e+05
2.981258e+05
2.976169e+05
4.355908e+05
4.155578e+05
3.862252e+05
3.813182e+05
3.720334e+05
3.529866e+05
5.118998e+05
4.952990e+05
4.764862e+05
4.298317e+05
4.262700e+05
4.049749e+05
5.957097e+05
5.486006e+05
5.295905e+05
5.124810e+05
4.851181e+05
4.725053e+05
