1.527478e+04
1.501041e+04
1.387248e+04
1.367680e+04
1.374649e+04
1.351259e+04
2.365653e+04
2.206039e+04
2.082105e+04
2.288497e+04
2.042450e+04
2.310119e+04
3.448313e+04
3.409377e+04
3.326098e+04
3.083250e+04
3.112268e+04
3.002657e+04
4.642163e+04
4.653100e+04
4.476853e+04
4.048945e+04
3.870618e+04
3.975109e+04
5.930341e+04
5.766903e+04
5.529546e+04
5.281450e+04
5.101777e+04
5.155485e+04
7.849266e+04
7.257572e+04
7.214718e+04
6.622650e+04
6.383231e+04
6.162748e+04
9.566096e+04
8.891602e+04
8.042490e+04
8.276098e+04
7.665400e+04
7.656371e+04
1.194079e+05
1.069790e+05
9.836479e+04
9.628958e+04
9.345540e+04
8.625806e+04
1.344425e+05
1.229804e+05
1.182737e+05
1.119469e+05
1.061014e+05
1.053686e+05
1.581932e+05
1.418622e+05
1.322350e+05
1.266761e+05
1.265553e+05
1.204013e+05
