5.835675e+04
5.846188e+04
5.838776e+04
5.336293e+04
5.644414e+04
5.337386e+04
9.193242e+04
9.204077e+04
9.063222e+04
8.497814e+04
7.961239e+04
8.062634e+04
1.384311e+05
1.327841e+05
1.257302e+05
1.146075e+05
1.167857e+05
1.128372e+05
1.860665e+05
1.794734e+05
1.664107e+05
1.571565e+05
1.595079e+05
1.509278e+05
2.460502e+05
2.278862e+05
2.150147e+05
2.166521e+05
2.027442e+05
1.967255e+05
2.966564e+05
2.942026e+05
2.654157e+05
2.641745e+05
2.599858e+05
2.442137e+05
3.705322e+05
3.383773e+05
3.190437e+05
3.121875e+05
3.117487e+05
2.888038e+05
4.446334e+05
4.038318e+05
3.701947e+05
3.836073e+05
3.693547e+05
3.483986e+05
5.109900e+05
4.774421e+05
4.513465e+05
4.395661e+05
4.232680e+05
4.022463e+05
5.840685e+05
5.584869e+05
5.195092e+05
4.951297e+05
4.814206e+05
4.561810e+05
