1.961487e+04
1.960475e+04
1.862149e+04
1.833795e+04
1.866202e+04
1.821104e+04
2.545349e+04
2.414118e+04
2.430164e+04
2.445389e+04
2.420205e+04
2.352993e+04
3.193549e+04
3.127070e+04
3.047378e+04
2.971329e+04
2.951779e+04
2.885499e+04
3.862191e+04
3.715489e+04
3.686332e+04
3.553823e+04
3.579631e+04
3.561134e+04
4.625674e+04
4.593527e+04
4.412751e+04
4.194248e+04
4.207048e+04
4.215428e+04
5.606612e+04
5.355810e+04
5.151700e+04
4.937226e+04
4.937033e+04
4.905398e+04
6.357083e+04
6.264125e+04
5.958868e+04
5.680011e+04
5.552636e+04
5.670104e+04
7.403093e+04
7.163075e+04
6.869650e+04
6.524540e+04
6.413882e+04
6.323918e+04
8.554755e+04
8.045000e+04
7.870955e+04
7.550676e+04
7.281960e+04
7.214892e+04
9.576058e+04
9.044081e+04
8.661688e+04
8.579842e+04
8.087568e+04
8.015519e+04
1.074752e+05
1.021121e+05
9.884761e+04
9.660068e+04
9.119217e+04
8.970944e+04
1.220668e+05
1.119606e+05
1.085755e+05
1.044718e+05
1.010489e+05
9.810457e+04
1.323778e+05
1.236955e+05
1.194690e+05
1.151591e+05
1.110480e+05
1.081903e+05
1.461677e+05
1.386619e+05
1.330192e+05
1.271222e+05
1.219287e+05
1.181357e+05
1.625593e+05
1.522871e+05
1.450460e+05
1.368391e+05
1.332704e+05
1.288211e+05
1.731258e+05
1.620742e+05
1.566999e+05
1.506725e+05
1.452380e+05
1.395327e+05
1.897470e+05
1.794568e+05
1.722204e+05
1.635142e+05
1.559095e+05
1.525934e+05
2.044223e+05
1.932869e+05
1.833177e+05
1.732248e+05
1.680511e+05
1.641632e+05
2.208000e+05
2.064668e+05
1.980190e+05
1.861828e+05
1.803240e+05
1.764660e+05
2.394495e+05
2.261632e+05
2.082948e+05
1.967479e+05
1.928312e+05
1.867059e+05
