1.940620e+04
1.968484e+04
1.903401e+04
1.877404e+04
1.820120e+04
1.833153e+04
2.544533e+04
2.422186e+04
2.397589e+04
2.378055e+04
2.334712e+04
2.277414e+04
3.209573e+04
3.121934e+04
3.067715e+04
3.040419e+04
2.897525e+04
2.859909e+04
3.904349e+04
3.743001e+04
3.777947e+04
3.640912e+04
3.592439e+04
3.417142e+04
4.689214e+04
4.520444e+04
4.329637e+04
4.420420e+04
4.272502e+04
4.174827e+04
5.592883e+04
5.353644e+04
5.124785e+04
5.060403e+04
4.944257e+04
4.915554e+04
6.380504e+04
6.285136e+04
6.078017e+04
5.875905e+04
5.633799e+04
5.552191e+04
7.456158e+04
7.244878e+04
7.032662e+04
6.724664e+04
6.530314e+04
6.323672e+04
8.490457e+04
8.211297e+04
7.941095e+04
7.589999e+04
7.342225e+04
7.192372e+04
9.593332e+04
9.127600e+04
8.668561e+04
8.505652e+04
8.271795e+04
8.188074e+04
1.064966e+05
1.033749e+05
9.912341e+04
9.404714e+04
9.200152e+04
8.967203e+04
1.182587e+05
1.131330e+05
1.096485e+05
1.044832e+05
1.011503e+05
1.005115e+05
1.309603e+05
1.256610e+05
1.203604e+05
1.157268e+05
1.123103e+05
1.083859e+05
1.439744e+05
1.393254e+05
1.330133e+05
1.267936e+05
1.217806e+05
1.170168e+05
1.593131e+05
1.514947e+05
1.440760e+05
1.372299e+05
1.327213e+05
1.294268e+05
1.710181e+05
1.658893e+05
1.546670e+05
1.478192e+05
1.420976e+05
1.405421e+05
1.892707e+05
1.784859e+05
1.679594e+05
1.595683e+05
1.519979e+05
1.512852e+05
2.044250e+05
1.938119e+05
1.802422e+05
1.729042e+05
1.674739e+05
1.609721e+05
2.200027e+05
2.076603e+05
1.987924e+05
1.865357e+05
1.766187e+05
1.731058e+05
2.363434e+05
2.237869e+05
2.128466e+05
1.980706e+05
1.892099e+05
1.850160e+05
