1.970063e+04
1.946777e+04
1.889356e+04
1.845292e+04
1.840439e+04
1.747416e+04
2.536091e+04
2.456964e+04
2.459100e+04
2.395657e+04
2.404796e+04
2.305893e+04
3.154830e+04
3.082625e+04
3.089267e+04
2.909571e+04
2.905551e+04
2.855948e+04
3.852241e+04
3.865393e+04
3.705454e+04
3.559770e+04
3.545762e+04
3.453784e+04
4.719841e+04
4.524882e+04
4.458057e+04
4.238161e+04
4.190258e+04
4.133243e+04
5.549391e+04
5.368352e+04
5.155624e+04
4.965220e+04
4.840473e+04
4.785316e+04
6.506132e+04
6.175914e+04
5.917020e+04
5.776397e+04
5.631177e+04
5.614190e+04
7.665648e+04
7.092582e+04
6.848247e+04
6.618077e+04
6.410052e+04
6.333748e+04
8.559821e+04
8.022278e+04
7.830589e+04
7.570605e+04
7.292564e+04
7.056332e+04
9.722395e+04
9.274250e+04
9.062334e+04
8.651887e+04
8.225177e+04
7.970678e+04
1.081891e+05
1.020778e+05
9.931060e+04
9.506645e+04
9.151714e+04
8.853282e+04
1.210232e+05
1.148062e+05
1.097848e+05
1.060571e+05
1.016152e+05
9.869213e+04
1.330453e+05
1.247537e+05
1.203470e+05
1.179045e+05
1.122049e+05
1.095699e+05
1.435768e+05
1.381506e+05
1.317733e+05
1.256210e+05
1.221206e+05
1.185216e+05
1.593271e+05
1.536966e+05
1.448702e+05
1.392150e+05
1.317110e+05
1.305660e+05
1.727013e+05
1.637215e+05
1.577632e+05
1.509372e+05
1.420238e+05
1.408154e+05
1.888517e+05
1.802582e+05
1.672908e+05
1.601917e+05
1.530649e+05
1.499661e+05
2.051196e+05
1.937798e+05
1.826512e+05
1.710993e+05
1.667771e+05
1.604745e+05
2.193537e+05
2.045384e+05
1.933568e+05
1.869260e+05
1.774645e+05
1.759969e+05
2.337206e+05
2.217714e+05
2.088866e+05
1.992833e+05
1.905797e+05
1.837999e+05
