5.834985e+04
5.786422e+04
5.843013e+04
5.623350e+04
5.349452e+04
5.173498e+04
9.912671e+04
8.834494e+04
8.751461e+04
8.602511e+04
8.232389e+04
8.240443e+04
1.431362e+05
1.361354e+05
1.280313e+05
1.246700e+05
1.212868e+05
1.126050e+05
1.786624e+05
1.677355e+05
1.745029e+05
1.617166e+05
1.555983e+05
1.560057e+05
2.324926e+05
2.212669e+05
2.187004e+05
2.176455e+05
1.952536e+05
2.030587e+05
2.827765e+05
2.807566e+05
2.738482e+05
2.688800e+05
2.584587e+05
2.398113e+05
3.535088e+05
3.453023e+05
3.352053e+05
3.090703e+05
3.075177e+05
2.955416e+05
4.345663e+05
4.131972e+05
3.899688e+05
3.692448e+05
3.532633e+05
3.455292e+05
5.018467e+05
5.049387e+05
4.512267e+05
4.343612e+05
4.001139e+05
3.988438e+05
5.998708e+05
5.645631e+05
5.282961e+05
4.969218e+05
4.573824e+05
4.623604e+05
