5.878357e+04
5.903744e+04
5.549375e+04
5.349624e+04
5.227803e+04
5.717038e+04
9.626092e+04
9.004440e+04
9.042089e+04
8.526615e+04
8.166699e+04
8.539269e+04
1.344854e+05
1.273418e+05
1.273596e+05
1.215065e+05
1.165385e+05
1.141943e+05
1.869534e+05
1.786307e+05
1.568689e+05
1.610842e+05
1.590571e+05
1.636212e+05
2.431947e+05
2.301020e+05
2.170027e+05
2.052364e+05
1.953208e+05
2.064076e+05
3.078759e+05
2.764770e+05
2.593574e+05
2.582811e+05
2.457480e+05
2.525865e+05
3.699353e+05
3.437926e+05
3.354181e+05
3.229086e+05
3.009100e+05
2.991946e+05
4.252504e+05
4.106293e+05
3.777860e+05
3.712160e+05
3.394750e+05
3.657146e+05
5.224423e+05
4.867558e+05
4.571767e+05
4.287768e+05
4.160365e+05
4.028617e+05
6.145795e+05
5.456974e+05
5.328143e+05
5.167072e+05
4.667055e+05
4.569090e+05
