5.552745e+04
5.503497e+04
5.352958e+04
5.221368e+04
5.524153e+04
5.398512e+04
9.115644e+04
9.351362e+04
8.936497e+04
8.611114e+04
8.267301e+04
8.281397e+04
1.344489e+05
1.240923e+05
1.257631e+05
1.188886e+05
1.215907e+05
1.203646e+05
1.830101e+05
1.666064e+05
1.671243e+05
1.559211e+05
1.574832e+05
1.640460e+05
2.307787e+05
2.289452e+05
2.138238e+05
2.138092e+05
2.011928e+05
2.152413e+05
3.150445e+05
2.717325e+05
2.650147e+05
2.655173e+05
2.524458e+05
2.542548e+05
3.590238e+05
3.553712e+05
3.172481e+05
3.132283e+05
2.944225e+05
3.072503e+05
4.343539e+05
4.189863e+05
3.749798e+05
3.759750e+05
3.641088e+05
3.511365e+05
5.191933e+05
4.811112e+05
4.625931e+05
4.313222e+05
4.183676e+05
4.068843e+05
5.782109e+05
5.627502e+05
5.575941e+05
5.005694e+05
4.703268e+05
4.681434e+05
