1.935245e+04
1.917917e+04
1.912717e+04
1.828211e+04
1.845344e+04
1.820666e+04
2.521695e+04
2.438933e+04
2.490580e+04
2.395411e+04
2.362678e+04
2.254115e+04
3.172511e+04
3.117110e+04
3.084178e+04
2.959900e+04
2.869947e+04
2.824500e+04
3.855152e+04
3.785401e+04
3.711125e+04
3.592427e+04
3.544826e+04
3.456903e+04
4.682272e+04
4.561490e+04
4.397506e+04
4.295681e+04
4.213477e+04
4.212411e+04
5.500806e+04
5.473485e+04
5.188272e+04
4.859301e+04
4.940202e+04
4.817057e+04
6.489635e+04
6.293030e+04
6.027193e+04
5.824210e+04
5.759032e+04
5.631946e+04
7.455956e+04
7.041955e+04
6.920419e+04
6.573809e+04
6.478581e+04
6.374242e+04
8.379922e+04
7.980849e+04
7.867063e+04
7.569127e+04
7.304052e+04
7.179188e+04
9.405214e+04
9.138055e+04
8.826401e+04
8.490931e+04
8.234801e+04
8.077930e+04
1.066293e+05
1.029442e+05
9.858689e+04
9.601930e+04
9.255101e+04
9.021533e+04
1.201471e+05
1.132839e+05
1.102105e+05
1.070070e+05
1.012339e+05
9.845057e+04
1.341720e+05
1.270552e+05
1.220667e+05
1.149665e+05
1.130589e+05
1.080679e+05
1.458021e+05
1.377971e+05
1.314040e+05
1.265337e+05
1.233770e+05
1.187151e+05
1.576370e+05
1.499158e+05
1.436842e+05
1.358689e+05
1.326903e+05
1.304011e+05
1.747593e+05
1.629850e+05
1.534696e+05
1.475190e+05
1.456318e+05
1.407904e+05
1.902481e+05
1.774083e+05
1.701891e+05
1.610566e+05
1.554705e+05
1.504572e+05
2.045488e+05
1.909351e+05
1.808778e+05
1.741475e+05
1.669921e+05
1.621731e+05
2.205083e+05
2.050121e+05
1.963363e+05
1.847512e+05
1.776711e+05
1.741401e+05
2.357000e+05
2.221810e+05
2.074904e+05
1.972284e+05
1.906274e+05
1.849286e+05
