1.970738e+04
1.971368e+04
1.953918e+04
1.881537e+04
1.832764e+04
1.765196e+04
2.528262e+04
2.469418e+04
2.469355e+04
2.362671e+04
2.347910e+04
2.294552e+04
3.216140e+04
3.012097e+04
3.008215e+04
3.012535e+04
2.921891e+04
2.798808e+04
3.952697e+04
3.784951e+04
3.717657e+04
3.641546e+04
3.566318e+04
3.425142e+04
4.687058e+04
4.519433e+04
4.416529e+04
4.297150e+04
4.232218e+04
4.180465e+04
5.541500e+04
5.322751e+04
5.210440e+04
5.073873e+04
4.932838e+04
4.899805e+04
6.520398e+04
6.162351e+04
5.978551e+04
5.829155e+04
5.603977e+04
5.498659e+04
7.417287e+04
7.150567e+04
6.834381e+04
6.669116e+04
6.442379e+04
6.277201e+04
8.536971e+04
8.200854e+04
7.895956e+04
7.613770e+04
7.434896e+04
7.064197e+04
9.585598e+04
9.287287e+04
8.828913e+04
8.488437e+04
8.215479e+04
7.889197e+04
1.088235e+05
1.030883e+05
9.945639e+04
9.566792e+04
9.190483e+04
8.871701e+04
1.204047e+05
1.148432e+05
1.098761e+05
1.062176e+05
9.938128e+04
9.874965e+04
1.338345e+05
1.269496e+05
1.195471e+05
1.155412e+05
1.101770e+05
1.088718e+05
1.461811e+05
1.384961e+05
1.319286e+05
1.272154e+05
1.220848e+05
1.198711e+05
1.601683e+05
1.512379e+05
1.441875e+05
1.375580e+05
1.309023e+05
1.292747e+05
1.735840e+05
1.669790e+05
1.565786e+05
1.484826e+05
1.410205e+05
1.397520e+05
1.910526e+05
1.772477e+05
1.653808e+05
1.619326e+05
1.539175e+05
1.510490e+05
2.071163e+05
1.925075e+05
1.808284e+05
1.726712e+05
1.636048e+05
1.612845e+05
2.251297e+05
2.089445e+05
1.961703e+05
1.840397e+05
1.765941e+05
1.743364e+05
2.396178e+05
2.232156e+05
2.109406e+05
1.993689e+05
1.888524e+05
1.859068e+05
