5.787339e+04
5.845238e+04
5.490336e+04
5.389295e+04
5.047708e+04
5.371058e+04
9.570605e+04
9.169018e+04
8.783365e+04
8.724107e+04
8.670964e+04
8.253028e+04
1.310378e+05
1.316243e+05
1.240834e+05
1.252614e+05
1.174702e+05
1.146678e+05
1.780589e+05
1.737247e+05
1.642630e+05
1.608204e+05
1.623889e+05
1.612294e+05
2.415524e+05
2.259323e+05
2.253625e+05
2.134826e+05
2.051685e+05
1.992855e+05
3.090013e+05
2.996003e+05
2.815727e+05
2.544584e+05
2.550381e+05
2.411054e+05
3.894517e+05
3.536930e+05
3.315344e+05
3.004476e+05
3.053804e+05
2.943730e+05
4.465931e+05
4.260800e+05
3.807442e+05
3.648307e+05
3.464050e+05
3.524505e+05
5.346063e+05
5.075414e+05
4.640953e+05
4.231663e+05
3.900038e+05
4.206699e+05
5.954945e+05
5.704122e+05
5.254881e+05
4.829497e+05
4.573896e+05
4.714037e+05
