1.460597e+04
1.458677e+04
1.434727e+04
1.391893e+04
1.294054e+04
1.280122e+04
2.378960e+04
2.162327e+04
2.357500e+04
2.256674e+04
2.197820e+04
2.148436e+04
3.345029e+04
3.303749e+04
3.342072e+04
3.323930e+04
3.150095e+04
2.905975e+04
4.596062e+04
4.518027e+04
4.547806e+04
4.551300e+04
4.148319e+04
3.900094e+04
6.155341e+04
5.775367e+04
5.605436e+04
5.472503e+04
5.228632e+04
5.080489e+04
7.826469e+04
7.388352e+04
6.978618e+04
6.419461e+04
6.593885e+04
6.067426e+04
9.799599e+04
8.716893e+04
8.382232e+04
8.034758e+04
7.901728e+04
7.181539e+04
1.164510e+05
1.075555e+05
1.003193e+05
9.156707e+04
8.808363e+04
8.623740e+04
1.362733e+05
1.216378e+05
1.142256e+05
1.095677e+05
1.073795e+05
1.008385e+05
1.531622e+05
1.402875e+05
1.362601e+05
1.237215e+05
1.206755e+05
1.140131e+05
