5.909148e+04
5.790672e+04
5.398760e+04
5.318652e+04
5.230073e+04
4.943477e+04
9.618057e+04
8.734443e+04
9.062427e+04
8.367566e+04
8.241649e+04
8.799929e+04
1.392472e+05
1.346676e+05
1.233491e+05
1.197160e+05
1.162604e+05
1.159834e+05
1.849974e+05
1.725650e+05
1.659084e+05
1.575110e+05
1.568384e+05
1.549578e+05
2.347098e+05
2.380096e+05
2.182948e+05
2.088637e+05
1.951153e+05
1.962321e+05
3.027798e+05
2.888245e+05
2.679342e+05
2.594149e+05
2.473931e+05
2.434572e+05
3.696588e+05
3.603710e+05
3.376405e+05
3.173191e+05
2.896172e+05
2.930791e+05
4.531561e+05
4.173522e+05
3.781759e+05
3.671744e+05
3.495426e+05
3.554676e+05
5.162710e+05
4.654847e+05
4.630094e+05
4.273836e+05
4.153472e+05
4.123209e+05
6.092226e+05
5.564141e+05
5.140277e+05
4.919232e+05
4.717114e+05
4.635402e+05
