5.795094e+04
5.613100e+04
5.587680e+04
5.379737e+04
5.426916e+04
5.306597e+04
9.227579e+04
8.826157e+04
8.571851e+04
8.870956e+04
8.597076e+04
8.086764e+04
1.397907e+05
1.310588e+05
1.218616e+05
1.189283e+05
1.141689e+05
1.199969e+05
1.826357e+05
1.704446e+05
1.591139e+05
1.587356e+05
1.578063e+05
1.562309e+05
2.326469e+05
2.273407e+05
2.046820e+05
2.102921e+05
2.045891e+05
1.952552e+05
3.064955e+05
2.853954e+05
2.682279e+05
2.508465e+05
2.549775e+05
2.464774e+05
3.508365e+05
3.423284e+05
3.322102e+05
3.207786e+05
3.120643e+05
2.958037e+05
4.426129e+05
4.214525e+05
3.883319e+05
3.799990e+05
3.675883e+05
3.455364e+05
5.189241e+05
4.928134e+05
4.610538e+05
4.580853e+05
4.173553e+05
4.086168e+05
6.243675e+05
5.643026e+05
5.200486e+05
5.121130e+05
4.840129e+05
4.665581e+05
