2.040308e+04
1.934768e+04
1.916491e+04
1.869375e+04
1.832308e+04
1.873988e+04
2.626503e+04
2.574860e+04
2.409256e+04
2.425886e+04
2.327121e+04
2.350640e+04
3.302354e+04
3.199409e+04
3.072157e+04
2.971516e+04
2.830159e+04
2.923351e+04
3.997661e+04
3.856095e+04
3.705960e+04
3.609190e+04
3.484581e+04
3.561090e+04
4.750615e+04
4.526868e+04
4.416321e+04
4.217221e+04
4.219502e+04
4.268403e+04
5.668928e+04
5.457496e+04
5.305114e+04
5.080666e+04
4.909414e+04
4.975949e+04
6.555245e+04
6.145632e+04
5.964110e+04
5.844593e+04
5.756894e+04
5.636693e+04
7.403495e+04
7.015190e+04
6.826166e+04
6.631401e+04
6.421852e+04
6.364886e+04
8.489220e+04
8.008333e+04
7.954542e+04
7.583834e+04
7.329809e+04
7.204439e+04
9.626415e+04
9.089368e+04
8.839223e+04
8.556817e+04
8.211906e+04
8.000467e+04
1.095970e+05
1.016664e+05
9.817356e+04
9.514917e+04
9.072339e+04
9.061613e+04
1.208095e+05
1.140741e+05
1.090268e+05
1.050833e+05
9.877276e+04
9.983490e+04
1.335210e+05
1.264596e+05
1.209114e+05
1.145009e+05
1.115263e+05
1.096927e+05
1.480602e+05
1.375367e+05
1.292342e+05
1.250771e+05
1.209751e+05
1.189550e+05
1.615822e+05
1.525554e+05
1.439281e+05
1.358437e+05
1.318278e+05
1.302124e+05
1.745701e+05
1.648220e+05
1.547288e+05
1.474985e+05
1.431911e+05
1.388722e+05
1.882943e+05
1.769147e+05
1.661200e+05
1.589253e+05
1.525696e+05
1.477251e+05
2.066367e+05
1.914863e+05
1.795260e+05
1.727546e+05
1.672502e+05
1.602470e+05
2.193584e+05
2.073491e+05
1.940072e+05
1.860719e+05
1.751321e+05
1.705225e+05
2.399374e+05
2.199286e+05
2.088306e+05
2.012954e+05
1.902371e+05
1.842228e+05
