5.887636e+04
5.601954e+04
5.541327e+04
5.336563e+04
5.078613e+04
5.398138e+04
8.789348e+04
8.756820e+04
8.652716e+04
8.257296e+04
8.291906e+04
8.504378e+04
1.364845e+05
1.274749e+05
1.229576e+05
1.225894e+05
1.154363e+05
1.234309e+05
1.861931e+05
1.745362e+05
1.695490e+05
1.671604e+05
1.598311e+05
1.596945e+05
2.402868e+05
2.276885e+05
2.191380e+05
2.105926e+05
2.014002e+05
2.077093e+05
3.119484e+05
2.866640e+05
2.753561e+05
2.620581e+05
2.629098e+05
2.559127e+05
3.706888e+05
3.536046e+05
3.248501e+05
3.217511e+05
3.058314e+05
2.935755e+05
4.495358e+05
4.152588e+05
3.912498e+05
3.794378e+05
3.614921e+05
3.429812e+05
5.293871e+05
4.946057e+05
4.625357e+05
4.264652e+05
4.088314e+05
3.960802e+05
6.075157e+05
5.776581e+05
5.189577e+05
5.010742e+05
4.784668e+05
4.486715e+05
