5.671668e+04
5.686648e+04
5.645548e+04
5.708530e+04
5.304423e+04
5.576606e+04
9.062302e+04
8.625196e+04
9.098278e+04
8.755041e+04
8.260302e+04
8.080806e+04
1.344399e+05
1.357231e+05
1.309768e+05
1.240269e+05
1.179757e+05
1.142672e+05
1.798063e+05
1.798436e+05
1.725442e+05
1.728014e+05
1.683058e+05
1.601025e+05
2.386416e+05
2.401808e+05
2.212175e+05
2.136189e+05
2.033833e+05
2.000811e+05
3.011195e+05
2.855108e+05
2.791852e+05
2.633420e+05
2.497133e+05
2.498798e+05
3.642716e+05
3.531594e+05
3.314528e+05
3.230314e+05
3.035202e+05
3.057783e+05
4.484998e+05
4.125725e+05
4.027506e+05
3.765929e+05
3.580935e+05
3.688676e+05
5.122504e+05
4.972087e+05
4.579055e+05
4.453290e+05
4.336621e+05
4.119210e+05
6.409712e+05
5.683073e+05
5.281588e+05
5.010966e+05
4.786149e+05
4.678976e+05
