5.928771e+04
5.828735e+04
5.923077e+04
5.741903e+04
5.703505e+04
5.473220e+04
9.575152e+04
9.165235e+04
9.052723e+04
8.546308e+04
8.184319e+04
8.262337e+04
1.394471e+05
1.271462e+05
1.271543e+05
1.239971e+05
1.166241e+05
1.219424e+05
1.820751e+05
1.736597e+05
1.724706e+05
1.634458e+05
1.632556e+05
1.580934e+05
2.295473e+05
2.165130e+05
2.170830e+05
2.148977e+05
2.010703e+05
1.981637e+05
2.982491e+05
2.741181e+05
2.573253e+05
2.648289e+05
2.616081e+05
2.523552e+05
3.655520e+05
3.439271e+05
3.096947e+05
3.051783e+05
3.157654e+05
2.923234e+05
4.425115e+05
4.174740e+05
3.847107e+05
3.707209e+05
3.653586e+05
3.430569e+05
5.135860e+05
4.935940e+05
4.492650e+05
4.375945e+05
4.311734e+05
4.107949e+05
6.054969e+05
5.567072e+05
5.258420e+05
5.144844e+05
4.718654e+05
4.531528e+05
