1.985887e+04
1.940550e+04
1.869394e+04
1.849300e+04
1.816330e+04
1.763484e+04
2.599811e+04
2.509312e+04
2.418397e+04
2.369137e+04
2.323098e+04
2.277745e+04
3.189512e+04
3.139227e+04
3.065267e+04
3.018857e+04
2.867096e+04
2.807083e+04
3.892953e+04
3.788436e+04
3.694702e+04
3.653000e+04
3.524848e+04
3.435765e+04
4.674466e+04
4.433378e+04
4.312950e+04
4.401741e+04
4.229850e+04
4.181746e+04
5.586804e+04
5.273661e+04
5.104821e+04
5.166062e+04
5.000608e+04
4.920155e+04
6.489372e+04
6.240230e+04
6.000023e+04
5.901328e+04
5.839885e+04
5.682389e+04
7.383803e+04
7.128643e+04
6.820239e+04
6.727911e+04
6.642654e+04
6.447856e+04
8.537020e+04
7.987055e+04
7.673564e+04
7.688831e+04
7.434874e+04
7.220311e+04
9.647775e+04
9.097961e+04
8.855181e+04
8.630685e+04
8.209320e+04
8.072783e+04
1.062701e+05
1.001892e+05
9.880259e+04
9.636682e+04
9.043740e+04
9.007126e+04
1.209646e+05
1.132913e+05
1.101456e+05
1.048712e+05
1.002642e+05
9.879937e+04
1.336264e+05
1.230584e+05
1.216075e+05
1.156882e+05
1.091103e+05
1.091281e+05
1.472810e+05
1.373438e+05
1.329777e+05
1.257770e+05
1.193689e+05
1.186136e+05
1.592997e+05
1.498235e+05
1.427509e+05
1.366963e+05
1.293150e+05
1.297493e+05
1.739516e+05
1.657523e+05
1.572960e+05
1.482689e+05
1.402916e+05
1.394577e+05
1.885555e+05
1.775528e+05
1.661445e+05
1.601375e+05
1.523218e+05
1.492891e+05
2.036040e+05
1.911985e+05
1.802043e+05
1.730628e+05
1.618009e+05
1.618141e+05
2.196373e+05
2.077803e+05
1.946815e+05
1.838081e+05
1.742981e+05
1.744260e+05
2.387150e+05
2.205776e+05
2.038621e+05
1.993530e+05
1.899937e+05
1.837598e+05
