5.417707e+04
5.514262e+04
5.578538e+04
5.609769e+04
5.393343e+04
5.089890e+04
8.913598e+04
9.081755e+04
9.351646e+04
9.040811e+04
8.560063e+04
8.037550e+04
1.288601e+05
1.270554e+05
1.356011e+05
1.208023e+05
1.233304e+05
1.218773e+05
1.870870e+05
1.800286e+05
1.816681e+05
1.735995e+05
1.699641e+05
1.620335e+05
2.334672e+05
2.347838e+05
2.120264e+05
2.203533e+05
2.053816e+05
1.962000e+05
2.943633e+05
2.878392e+05
2.724667e+05
2.560529e+05
2.613157e+05
2.413751e+05
3.650926e+05
3.520332e+05
3.223789e+05
3.196660e+05
3.048190e+05
2.869964e+05
4.316659e+05
4.061059e+05
3.943574e+05
3.782660e+05
3.547608e+05
3.435122e+05
4.991318e+05
4.844114e+05
4.489181e+05
4.379480e+05
4.046992e+05
3.977546e+05
6.140422e+05
5.675595e+05
5.180704e+05
4.992421e+05
4.768145e+05
4.584791e+05
