5.980800e+04
6.168923e+04
6.445917e+04
5.454448e+04
5.451756e+04
5.407805e+04
9.446984e+04
9.097312e+04
9.033288e+04
8.732248e+04
8.358928e+04
7.996298e+04
1.404845e+05
1.302422e+05
1.327793e+05
1.225443e+05
1.207392e+05
1.125677e+05
1.847629e+05
1.686084e+05
1.674371e+05
1.703357e+05
1.554239e+05
1.578637e+05
2.456217e+05
2.175594e+05
2.227455e+05
2.038127e+05
2.019056e+05
1.948052e+05
3.014006e+05
2.884858e+05
2.652559e+05
2.652050e+05
2.514371e+05
2.329497e+05
3.861314e+05
3.271060e+05
3.310868e+05
3.290045e+05
2.954294e+05
2.920810e+05
4.455665e+05
4.164675e+05
3.918488e+05
3.635912e+05
3.542928e+05
3.438455e+05
5.081859e+05
4.817379e+05
4.528296e+05
4.406583e+05
4.316784e+05
4.132955e+05
6.270916e+05
5.462551e+05
5.110630e+05
4.983931e+05
4.763087e+05
4.520344e+05
