1.962099e+04
1.907421e+04
1.909683e+04
1.868386e+04
1.864421e+04
1.808320e+04
2.570722e+04
2.533493e+04
2.330591e+04
2.348721e+04
2.330615e+04
2.315824e+04
3.231729e+04
3.144974e+04
3.032727e+04
2.972998e+04
2.861675e+04
2.910862e+04
3.942971e+04
3.747155e+04
3.662325e+04
3.574862e+04
3.527644e+04
3.559369e+04
4.698271e+04
4.507994e+04
4.387175e+04
4.319782e+04
4.223533e+04
4.169076e+04
5.564305e+04
5.356014e+04
5.073661e+04
5.006874e+04
4.931441e+04
4.862618e+04
6.428867e+04
6.184696e+04
5.949914e+04
5.797113e+04
5.562546e+04
5.702053e+04
7.376479e+04
7.130025e+04
6.795686e+04
6.639267e+04
6.502260e+04
6.380441e+04
8.370276e+04
8.110463e+04
7.767430e+04
7.613127e+04
7.319715e+04
7.231565e+04
9.538126e+04
9.041573e+04
8.783569e+04
8.477121e+04
8.189081e+04
8.083522e+04
1.056217e+05
1.028476e+05
9.738574e+04
9.340050e+04
9.144469e+04
8.866458e+04
1.193251e+05
1.126286e+05
1.068030e+05
1.037055e+05
1.021278e+05
9.855803e+04
1.309773e+05
1.242700e+05
1.188574e+05
1.165070e+05
1.121836e+05
1.094451e+05
1.491524e+05
1.365404e+05
1.303301e+05
1.272969e+05
1.216452e+05
1.188752e+05
1.623083e+05
1.512432e+05
1.444934e+05
1.398527e+05
1.351549e+05
1.282384e+05
1.742381e+05
1.654515e+05
1.547075e+05
1.509380e+05
1.431639e+05
1.385886e+05
1.886599e+05
1.789311e+05
1.686374e+05
1.606715e+05
1.565031e+05
1.513289e+05
2.063986e+05
1.929531e+05
1.812116e+05
1.721608e+05
1.650817e+05
1.616346e+05
2.206437e+05
2.030371e+05
1.932895e+05
1.854544e+05
1.789625e+05
1.753668e+05
2.411017e+05
2.231862e+05
2.101023e+05
1.984674e+05
1.922501e+05
1.843631e+05
