1.957101e+04
1.946638e+04
1.876314e+04
1.883118e+04
1.847538e+04
1.812452e+04
2.572183e+04
2.453497e+04
2.463374e+04
2.430419e+04
2.320000e+04
2.298732e+04
3.226603e+04
3.070917e+04
3.034253e+04
2.979932e+04
2.927403e+04
2.914625e+04
3.942846e+04
3.759205e+04
3.730607e+04
3.612104e+04
3.650764e+04
3.529566e+04
4.805959e+04
4.549233e+04
4.368303e+04
4.297858e+04
4.221589e+04
4.176980e+04
5.571992e+04
5.322903e+04
5.239821e+04
5.055556e+04
4.986591e+04
4.801961e+04
6.509303e+04
6.051563e+04
6.028868e+04
5.838163e+04
5.766666e+04
5.673002e+04
7.437919e+04
7.015840e+04
6.824583e+04
6.610384e+04
6.363987e+04
6.394884e+04
8.503418e+04
8.238932e+04
7.674917e+04
7.435563e+04
7.358395e+04
7.339436e+04
9.662448e+04
9.017252e+04
8.707395e+04
8.505446e+04
8.142525e+04
8.030370e+04
1.080254e+05
1.026241e+05
9.812861e+04
9.409618e+04
9.085572e+04
8.843264e+04
1.211496e+05
1.137731e+05
1.087857e+05
1.051616e+05
1.005466e+05
9.643659e+04
1.314608e+05
1.252270e+05
1.205686e+05
1.163356e+05
1.096789e+05
1.078100e+05
1.454801e+05
1.385559e+05
1.310494e+05
1.261941e+05
1.210278e+05
1.196447e+05
1.589407e+05
1.516263e+05
1.446922e+05
1.395093e+05
1.327373e+05
1.301944e+05
1.727593e+05
1.628908e+05
1.532649e+05
1.481116e+05
1.431475e+05
1.393770e+05
1.888905e+05
1.752645e+05
1.672652e+05
1.626208e+05
1.540938e+05
1.500153e+05
2.060583e+05
1.910967e+05
1.821401e+05
1.725213e+05
1.662727e+05
1.608432e+05
2.208872e+05
2.072829e+05
1.958648e+05
1.859258e+05
1.777560e+05
1.738414e+05
2.407062e+05
2.205530e+05
2.093351e+05
1.989959e+05
1.907603e+05
1.792083e+05
