6.062369e+04
5.957346e+04
5.651873e+04
5.105268e+04
5.355412e+04
5.393424e+04
9.125604e+04
8.956602e+04
9.328716e+04
9.412493e+04
8.353633e+04
8.861130e+04
1.313042e+05
1.288778e+05
1.342358e+05
1.233570e+05
1.213147e+05
1.147854e+05
1.863738e+05
1.732688e+05
1.769450e+05
1.631049e+05
1.676891e+05
1.520082e+05
2.301987e+05
2.325014e+05
2.120604e+05
2.213292e+05
2.105999e+05
1.958624e+05
2.991394e+05
2.699152e+05
2.749031e+05
2.728723e+05
2.510375e+05
2.440983e+05
3.643999e+05
3.439398e+05
3.241716e+05
3.234605e+05
3.090665e+05
2.929711e+05
4.343645e+05
4.188739e+05
3.868296e+05
3.719455e+05
3.798241e+05
3.599762e+05
5.157732e+05
4.842640e+05
4.558736e+05
4.257896e+05
4.241468e+05
4.081361e+05
6.094786e+05
5.480699e+05
5.147657e+05
4.915358e+05
4.771382e+05
4.633338e+05
