1.995516e+04
1.952531e+04
1.877357e+04
1.891890e+04
1.842908e+04
1.872289e+04
2.592545e+04
2.514632e+04
2.417918e+04
2.434671e+04
2.382353e+04
2.339529e+04
3.183111e+04
3.085438e+04
3.091418e+04
2.996306e+04
2.996176e+04
2.932420e+04
3.998972e+04
3.799971e+04
3.747181e+04
3.617626e+04
3.595772e+04
3.619796e+04
4.651675e+04
4.584335e+04
4.480720e+04
4.284224e+04
4.302682e+04
4.312647e+04
5.503017e+04
5.370546e+04
5.304727e+04
5.133225e+04
4.962828e+04
4.985184e+04
6.363926e+04
6.338797e+04
6.008186e+04
5.868510e+04
5.745985e+04
5.799908e+04
7.433313e+04
7.143880e+04
6.981598e+04
6.580990e+04
6.400489e+04
6.623785e+04
8.663298e+04
8.125741e+04
7.825086e+04
7.551278e+04
7.289690e+04
7.339150e+04
9.778234e+04
9.182476e+04
8.637515e+04
8.374025e+04
8.282035e+04
8.234891e+04
1.090288e+05
1.021610e+05
9.636505e+04
9.375188e+04
9.266415e+04
8.951923e+04
1.197115e+05
1.135828e+05
1.082323e+05
1.045036e+05
1.023550e+05
9.547367e+04
1.314576e+05
1.237559e+05
1.179342e+05
1.162983e+05
1.112761e+05
1.072929e+05
1.444803e+05
1.391070e+05
1.299530e+05
1.241084e+05
1.208518e+05
1.168967e+05
1.588111e+05
1.506947e+05
1.425982e+05
1.384010e+05
1.318028e+05
1.290547e+05
1.736496e+05
1.642869e+05
1.558418e+05
1.529600e+05
1.430538e+05
1.401049e+05
1.891044e+05
1.775407e+05
1.681928e+05
1.619195e+05
1.550248e+05
1.493571e+05
2.037181e+05
1.924116e+05
1.832394e+05
1.742646e+05
1.681392e+05
1.597229e+05
2.194217e+05
2.091852e+05
1.968468e+05
1.861872e+05
1.774606e+05
1.722648e+05
2.372896e+05
2.225640e+05
2.109401e+05
1.974704e+05
1.864897e+05
1.842122e+05
