1.473169e+04
1.534483e+04
1.480084e+04
1.418802e+04
1.334586e+04
1.442629e+04
2.252716e+04
2.231979e+04
2.285689e+04
2.172370e+04
2.093719e+04
2.269289e+04
3.251942e+04
3.086523e+04
3.239371e+04
3.081217e+04
3.156583e+04
3.026710e+04
4.590546e+04
4.496402e+04
4.313176e+04
4.109842e+04
4.093415e+04
4.034526e+04
5.943585e+04
5.638029e+04
5.435796e+04
5.330150e+04
5.277678e+04
5.034055e+04
7.288805e+04
7.136210e+04
6.758180e+04
6.358304e+04
6.644409e+04
6.379420e+04
9.602744e+04
8.895555e+04
8.360855e+04
8.049368e+04
7.469629e+04
7.874667e+04
1.161182e+05
1.026737e+05
9.768703e+04
9.378247e+04
9.430271e+04
9.033402e+04
1.309207e+05
1.280935e+05
1.133127e+05
1.089421e+05
1.080527e+05
1.039420e+05
1.578086e+05
1.424162e+05
1.352464e+05
1.224442e+05
1.230296e+05
1.189759e+05
