6.045894e+04
5.492599e+04
5.512683e+04
5.731626e+04
5.722640e+04
5.693134e+04
9.188952e+04
8.834441e+04
8.982126e+04
9.133607e+04
8.491291e+04
8.819534e+04
1.349748e+05
1.253918e+05
1.220067e+05
1.202715e+05
1.211675e+05
1.221200e+05
1.852062e+05
1.741962e+05
1.692989e+05
1.524473e+05
1.581507e+05
1.624868e+05
2.282740e+05
2.366790e+05
2.165409e+05
2.050490e+05
2.038186e+05
2.053256e+05
2.950900e+05
2.788114e+05
2.677984e+05
2.533689e+05
2.546170e+05
2.497121e+05
3.626283e+05
3.522757e+05
3.260019e+05
3.184873e+05
3.071367e+05
2.888446e+05
4.315353e+05
4.127349e+05
3.944240e+05
3.859537e+05
3.629758e+05
3.417813e+05
5.019741e+05
4.882342e+05
4.494270e+05
4.399626e+05
4.288836e+05
4.035749e+05
6.167566e+05
5.638790e+05
5.333054e+05
5.104558e+05
4.740378e+05
4.654152e+05
