2.009987e+04
1.912763e+04
1.884661e+04
1.836264e+04
1.788586e+04
1.801048e+04
2.586987e+04
2.455130e+04
2.431273e+04
2.349392e+04
2.322063e+04
2.301729e+04
3.272433e+04
3.104541e+04
2.998198e+04
3.001799e+04
2.890471e+04
2.897108e+04
3.909467e+04
3.907810e+04
3.723003e+04
3.628655e+04
3.525551e+04
3.549379e+04
4.673568e+04
4.620756e+04
4.407215e+04
4.325837e+04
4.169351e+04
4.247603e+04
5.589303e+04
5.501268e+04
5.312444e+04
5.121070e+04
4.907270e+04
4.981560e+04
6.511346e+04
6.131858e+04
5.989917e+04
5.861759e+04
5.617947e+04
5.666149e+04
7.587261e+04
7.051550e+04
6.783861e+04
6.600293e+04
6.423731e+04
6.393131e+04
8.618110e+04
8.091689e+04
7.706186e+04
7.632565e+04
7.325430e+04
7.144804e+04
9.761280e+04
9.042060e+04
8.658978e+04
8.444214e+04
8.252651e+04
7.963213e+04
1.095534e+05
1.022948e+05
9.760486e+04
9.483370e+04
9.258921e+04
8.835801e+04
1.185107e+05
1.142990e+05
1.070267e+05
1.051328e+05
1.021744e+05
9.999998e+04
1.315994e+05
1.235339e+05
1.203009e+05
1.167857e+05
1.117980e+05
1.106909e+05
1.456123e+05
1.358394e+05
1.314199e+05
1.275295e+05
1.232905e+05
1.207656e+05
1.602794e+05
1.503327e+05
1.439294e+05
1.366531e+05
1.322703e+05
1.294670e+05
1.737297e+05
1.622210e+05
1.570191e+05
1.481800e+05
1.420873e+05
1.394903e+05
1.902679e+05
1.763377e+05
1.680582e+05
1.627655e+05
1.555461e+05
1.487737e+05
2.025048e+05
1.910672e+05
1.829233e+05
1.743310e+05
1.649350e+05
1.592117e+05
2.228828e+05
2.071258e+05
1.975561e+05
1.867064e+05
1.757309e+05
1.707310e+05
2.417173e+05
2.228039e+05
2.097812e+05
1.984029e+05
1.884284e+05
1.801725e+05
