1.934396e+04
1.948228e+04
1.890778e+04
1.856476e+04
1.849719e+04
1.869951e+04
2.556778e+04
2.467110e+04
2.479473e+04
2.406269e+04
2.405085e+04
2.343102e+04
3.137175e+04
3.125248e+04
3.061593e+04
2.954258e+04
2.931542e+04
2.939711e+04
3.861032e+04
3.793255e+04
3.683842e+04
3.671336e+04
3.582794e+04
3.601462e+04
4.749695e+04
4.514457e+04
4.448030e+04
4.313058e+04
4.306737e+04
4.327639e+04
5.498604e+04
5.303536e+04
5.219427e+04
5.075052e+04
5.005538e+04
4.987460e+04
6.379472e+04
6.307178e+04
6.082121e+04
5.858481e+04
5.661764e+04
5.612759e+04
7.452648e+04
7.252917e+04
6.830996e+04
6.624730e+04
6.510652e+04
6.338357e+04
8.340083e+04
8.120643e+04
7.948446e+04
7.576578e+04
7.507794e+04
7.174223e+04
9.530193e+04
8.971050e+04
8.718636e+04
8.593136e+04
8.330352e+04
8.225761e+04
1.073888e+05
1.034312e+05
9.818147e+04
9.222035e+04
9.309595e+04
8.977224e+04
1.207215e+05
1.132468e+05
1.087654e+05
1.030372e+05
1.004049e+05
9.957255e+04
1.322775e+05
1.270005e+05
1.200680e+05
1.132149e+05
1.129739e+05
1.099803e+05
1.476739e+05
1.394370e+05
1.317825e+05
1.251092e+05
1.209075e+05
1.192742e+05
1.609929e+05
1.479723e+05
1.431845e+05
1.365813e+05
1.317559e+05
1.297196e+05
1.727984e+05
1.624759e+05
1.550645e+05
1.494466e+05
1.452416e+05
1.406129e+05
1.883515e+05
1.793448e+05
1.686420e+05
1.614612e+05
1.540617e+05
1.506598e+05
2.021717e+05
1.929443e+05
1.804994e+05
1.724720e+05
1.634925e+05
1.604936e+05
2.208066e+05
2.090100e+05
1.968653e+05
1.870234e+05
1.766170e+05
1.724831e+05
2.374623e+05
2.249581e+05
2.108764e+05
2.019627e+05
1.903701e+05
1.831735e+05
