5.562662e+04
5.650255e+04
5.281962e+04
5.326580e+04
5.282351e+04
5.474862e+04
8.746460e+04
8.857170e+04
8.464076e+04
8.688061e+04
8.560072e+04
8.849701e+04
1.305533e+05
1.326348e+05
1.309200e+05
1.153663e+05
1.184775e+05
1.181045e+05
1.825356e+05
1.766038e+05
1.727318e+05
1.656273e+05
1.588925e+05
1.570536e+05
2.350957e+05
2.190393e+05
2.031272e+05
2.081985e+05
1.985716e+05
2.067019e+05
2.991714e+05
2.840056e+05
2.639469e+05
2.619295e+05
2.527009e+05
2.411426e+05
3.705304e+05
3.432801e+05
3.227071e+05
3.144616e+05
2.963115e+05
2.827686e+05
4.330812e+05
4.121555e+05
3.857807e+05
3.714508e+05
3.534480e+05
3.491933e+05
5.038605e+05
4.727438e+05
4.608141e+05
4.337590e+05
4.142030e+05
3.964404e+05
5.841800e+05
5.563328e+05
5.203486e+05
4.819435e+05
4.629051e+05
4.591042e+05
