5.841662e+04
5.959004e+04
5.498580e+04
5.837968e+04
5.465334e+04
5.864827e+04
9.617390e+04
8.714541e+04
9.542304e+04
8.842125e+04
8.710361e+04
8.581270e+04
1.338730e+05
1.329599e+05
1.349724e+05
1.246374e+05
1.278296e+05
1.239335e+05
1.743591e+05
1.809136e+05
1.765100e+05
1.685227e+05
1.558953e+05
1.628103e+05
2.348557e+05
2.187737e+05
2.143470e+05
2.107823e+05
2.076293e+05
2.015788e+05
3.069023e+05
2.900195e+05
2.730370e+05
2.500886e+05
2.496238e+05
2.420250e+05
3.656966e+05
3.450338e+05
3.251699e+05
3.104289e+05
3.016072e+05
3.031353e+05
4.412395e+05
4.222228e+05
3.865510e+05
3.646632e+05
3.479141e+05
3.472171e+05
5.112346e+05
5.018838e+05
4.661187e+05
4.414588e+05
4.204034e+05
3.929531e+05
5.976288e+05
5.726075e+05
5.348393e+05
5.015906e+05
4.721991e+05
4.601963e+05
