1.949651e+04
1.919421e+04
1.908321e+04
1.885978e+04
1.796318e+04
1.801028e+04
2.465116e+04
2.433433e+04
2.445925e+04
2.410765e+04
2.335910e+04
2.336239e+04
3.156519e+04
3.102442e+04
3.014907e+04
2.928762e+04
2.902312e+04
2.927508e+04
3.856948e+04
3.734818e+04
3.685345e+04
3.546584e+04
3.527259e+04
3.501362e+04
4.635712e+04
4.440969e+04
4.393738e+04
4.187283e+04
4.173895e+04
4.174093e+04
5.505640e+04
5.381789e+04
5.146114e+04
4.964203e+04
5.043970e+04
4.814842e+04
6.344818e+04
6.140100e+04
5.955745e+04
5.765727e+04
5.711920e+04
5.704094e+04
7.490464e+04
7.171861e+04
6.869344e+04
6.678904e+04
6.593679e+04
6.506559e+04
8.540947e+04
8.125091e+04
7.835067e+04
7.663236e+04
7.380334e+04
7.259651e+04
9.592249e+04
9.291190e+04
8.798230e+04
8.579405e+04
8.323478e+04
8.110777e+04
1.093024e+05
1.031209e+05
9.964913e+04
9.567226e+04
9.179954e+04
9.035754e+04
1.210156e+05
1.152764e+05
1.109456e+05
1.059604e+05
1.029078e+05
9.934936e+04
1.329319e+05
1.268425e+05
1.213968e+05
1.161671e+05
1.121111e+05
1.098412e+05
1.440531e+05
1.384585e+05
1.334922e+05
1.276788e+05
1.226747e+05
1.200837e+05
1.582615e+05
1.520634e+05
1.459148e+05
1.377880e+05
1.340676e+05
1.305220e+05
1.744330e+05
1.682920e+05
1.559999e+05
1.493237e+05
1.442722e+05
1.401049e+05
1.909211e+05
1.825366e+05
1.722393e+05
1.604680e+05
1.562192e+05
1.512246e+05
2.068421e+05
1.945842e+05
1.823642e+05
1.728069e+05
1.632396e+05
1.626712e+05
2.226605e+05
2.095235e+05
1.970049e+05
1.869905e+05
1.786074e+05
1.726051e+05
2.413074e+05
2.229162e+05
2.107157e+05
1.978037e+05
1.919111e+05
1.880464e+05
