2.036943e+04
1.931109e+04
1.907140e+04
1.845646e+04
1.805596e+04
1.815993e+04
2.606760e+04
2.561542e+04
2.440546e+04
2.390525e+04
2.352480e+04
2.357522e+04
3.231704e+04
3.062384e+04
3.100114e+04
2.941709e+04
2.916575e+04
2.930128e+04
3.975241e+04
3.800130e+04
3.681843e+04
3.653771e+04
3.622953e+04
3.586416e+04
4.719125e+04
4.594858e+04
4.378200e+04
4.272469e+04
4.225826e+04
4.282154e+04
5.525568e+04
5.302419e+04
5.224478e+04
5.088239e+04
5.029899e+04
4.900335e+04
6.533226e+04
6.200325e+04
6.001242e+04
5.914854e+04
5.781825e+04
5.754081e+04
7.517379e+04
7.222008e+04
6.947573e+04
6.647224e+04
6.511889e+04
6.516014e+04
8.539657e+04
8.128822e+04
7.860987e+04
7.591743e+04
7.416741e+04
7.266047e+04
9.613528e+04
9.028100e+04
8.884265e+04
8.449251e+04
8.240923e+04
8.097312e+04
1.077514e+05
1.013763e+05
9.861418e+04
9.463132e+04
9.131262e+04
8.835279e+04
1.175969e+05
1.147038e+05
1.097786e+05
1.044547e+05
1.024554e+05
9.835538e+04
1.328830e+05
1.255268e+05
1.197495e+05
1.165432e+05
1.104236e+05
1.071197e+05
1.453369e+05
1.361578e+05
1.316083e+05
1.256284e+05
1.216055e+05
1.175634e+05
1.625046e+05
1.491427e+05
1.412699e+05
1.349437e+05
1.326538e+05
1.268802e+05
1.764487e+05
1.623179e+05
1.531390e+05
1.480253e+05
1.420003e+05
1.383247e+05
1.885776e+05
1.767483e+05
1.679620e+05
1.614655e+05
1.535320e+05
1.474541e+05
2.032967e+05
1.929299e+05
1.836694e+05
1.722525e+05
1.648383e+05
1.586893e+05
2.181237e+05
2.101558e+05
1.932276e+05
1.858893e+05
1.759245e+05
1.693014e+05
2.358861e+05
2.217490e+05
2.074921e+05
1.969782e+05
1.896375e+05
1.808600e+05
