5.941378e+04
5.800302e+04
5.542822e+04
5.455563e+04
5.706008e+04
5.323157e+04
9.624301e+04
8.834794e+04
8.794474e+04
8.956654e+04
8.718586e+04
8.509459e+04
1.393869e+05
1.320430e+05
1.307122e+05
1.219840e+05
1.176340e+05
1.234325e+05
1.799247e+05
1.812047e+05
1.672405e+05
1.664705e+05
1.578265e+05
1.616211e+05
2.345870e+05
2.248733e+05
2.205700e+05
2.125088e+05
2.000976e+05
2.016763e+05
3.074756e+05
2.865618e+05
2.726674e+05
2.482192e+05
2.621652e+05
2.541473e+05
3.599456e+05
3.393895e+05
3.269209e+05
3.100473e+05
3.078540e+05
3.004391e+05
4.371203e+05
4.086739e+05
3.925227e+05
3.705001e+05
3.508004e+05
3.424479e+05
5.127282e+05
4.670734e+05
4.710465e+05
4.272961e+05
4.133384e+05
4.039281e+05
5.807902e+05
5.444944e+05
5.315576e+05
5.064540e+05
4.782470e+05
4.650912e+05
