5.675056e+04
5.840984e+04
5.556314e+04
5.246647e+04
5.348041e+04
4.974843e+04
9.029432e+04
8.821320e+04
8.633378e+04
8.594405e+04
8.655527e+04
7.886263e+04
1.321378e+05
1.254738e+05
1.277733e+05
1.198587e+05
1.191214e+05
1.130079e+05
1.759735e+05
1.756072e+05
1.649543e+05
1.570130e+05
1.605134e+05
1.530173e+05
2.229359e+05
2.267476e+05
2.153722e+05
2.091230e+05
2.055658e+05
1.989726e+05
3.063200e+05
2.754252e+05
2.699256e+05
2.616705e+05
2.511514e+05
2.562841e+05
3.666829e+05
3.450242e+05
3.384154e+05
3.256467e+05
2.938526e+05
3.001253e+05
4.339540e+05
4.190901e+05
4.036358e+05
3.888703e+05
3.537853e+05
3.627727e+05
5.136234e+05
4.847116e+05
4.757255e+05
4.467844e+05
4.061383e+05
4.132447e+05
5.864154e+05
5.455902e+05
5.417018e+05
5.037222e+05
4.798677e+05
4.783027e+05
