6.225270e+04
5.285906e+04
5.419571e+04
5.486680e+04
5.397509e+04
5.428661e+04
8.965283e+04
8.590510e+04
9.213928e+04
8.909744e+04
8.204692e+04
8.168326e+04
1.346835e+05
1.278912e+05
1.236045e+05
1.235017e+05
1.192285e+05
1.148696e+05
1.934254e+05
1.789240e+05
1.756100e+05
1.597101e+05
1.548901e+05
1.631433e+05
2.390501e+05
2.284540e+05
2.225015e+05
2.190665e+05
2.105190e+05
2.065201e+05
2.945182e+05
2.794967e+05
2.678665e+05
2.652384e+05
2.546800e+05
2.510399e+05
3.546324e+05
3.395510e+05
3.311374e+05
3.296273e+05
3.101466e+05
2.958010e+05
4.441325e+05
3.994590e+05
4.004887e+05
3.653625e+05
3.758223e+05
3.493133e+05
5.109533e+05
4.763174e+05
4.379628e+05
4.391895e+05
4.240427e+05
3.908100e+05
5.872944e+05
5.535050e+05
5.422486e+05
5.054245e+05
4.851728e+05
4.608872e+05
