5.526295e+04
6.002258e+04
5.809325e+04
5.555419e+04
5.723887e+04
5.528013e+04
9.563866e+04
9.064886e+04
8.625390e+04
8.476035e+04
8.082609e+04
8.843270e+04
1.359237e+05
1.370824e+05
1.271470e+05
1.176715e+05
1.170549e+05
1.162941e+05
1.806231e+05
1.732992e+05
1.687987e+05
1.684515e+05
1.570055e+05
1.565942e+05
2.339585e+05
2.289956e+05
2.244046e+05
2.191677e+05
2.101319e+05
1.983863e+05
3.055754e+05
2.852032e+05
2.886273e+05
2.635165e+05
2.505126e+05
2.338773e+05
3.670697e+05
3.510677e+05
3.281107e+05
3.230757e+05
3.086333e+05
3.026413e+05
4.438433e+05
4.200323e+05
4.009040e+05
3.681548e+05
3.616504e+05
3.516206e+05
5.049355e+05
4.866589e+05
4.758641e+05
4.440829e+05
4.201539e+05
4.163701e+05
6.103636e+05
5.579698e+05
5.323192e+05
5.102956e+05
4.903589e+05
4.708582e+05
