5.763944e+04
6.260565e+04
5.670851e+04
5.798001e+04
5.352019e+04
5.535676e+04
9.516748e+04
8.943573e+04
8.629500e+04
8.403915e+04
8.580222e+04
8.417428e+04
1.365180e+05
1.329543e+05
1.237075e+05
1.221651e+05
1.240161e+05
1.321082e+05
1.834744e+05
1.780139e+05
1.675630e+05
1.634549e+05
1.581016e+05
1.736650e+05
2.309897e+05
2.222770e+05
2.234777e+05
2.089453e+05
1.979603e+05
2.141209e+05
2.986198e+05
2.868557e+05
2.639224e+05
2.539966e+05
2.472050e+05
2.590644e+05
3.655088e+05
3.482262e+05
3.178268e+05
3.112690e+05
2.898980e+05
3.125753e+05
4.230398e+05
4.140422e+05
3.904992e+05
3.752540e+05
3.444079e+05
3.469983e+05
5.011107e+05
4.714936e+05
4.400123e+05
4.338564e+05
4.122354e+05
3.978523e+05
6.223722e+05
5.538886e+05
5.111366e+05
4.962443e+05
4.726187e+05
4.545829e+05
