6.042357e+04
5.802332e+04
5.704772e+04
5.704160e+04
5.042709e+04
5.201470e+04
9.548750e+04
9.161625e+04
8.967532e+04
9.119098e+04
7.999224e+04
8.112553e+04
1.371906e+05
1.320639e+05
1.265390e+05
1.263291e+05
1.178506e+05
1.160423e+05
1.799806e+05
1.715642e+05
1.645729e+05
1.610748e+05
1.532747e+05
1.565340e+05
2.243604e+05
2.297059e+05
2.307097e+05
1.997672e+05
1.979567e+05
2.010161e+05
2.951807e+05
2.917833e+05
2.726022e+05
2.605990e+05
2.434446e+05
2.459064e+05
3.721260e+05
3.405818e+05
3.310285e+05
3.117488e+05
3.109017e+05
2.951050e+05
4.510921e+05
4.073432e+05
3.833892e+05
3.828560e+05
3.608390e+05
3.519486e+05
5.312025e+05
4.876504e+05
4.664040e+05
4.168178e+05
4.115171e+05
4.130154e+05
6.261794e+05
5.750953e+05
5.219644e+05
4.972352e+05
4.760250e+05
4.652271e+05
