1.966842e+04
1.950383e+04
1.902099e+04
1.848049e+04
1.880046e+04
1.809156e+04
2.568237e+04
2.533289e+04
2.427461e+04
2.400573e+04
2.333135e+04
2.357033e+04
3.129959e+04
3.050435e+04
3.036548e+04
3.002069e+04
2.929646e+04
2.892856e+04
3.842749e+04
3.744757e+04
3.651081e+04
3.706985e+04
3.589306e+04
3.539107e+04
4.664649e+04
4.572535e+04
4.486603e+04
4.341011e+04
4.159645e+04
4.144171e+04
5.492242e+04
5.400724e+04
5.249386e+04
5.014291e+04
4.920079e+04
4.834863e+04
6.519466e+04
6.224036e+04
6.047572e+04
5.841286e+04
5.634176e+04
5.573540e+04
7.288667e+04
7.094574e+04
6.802488e+04
6.638237e+04
6.400176e+04
6.402634e+04
8.302245e+04
8.235831e+04
7.749895e+04
7.540876e+04
7.232174e+04
7.236227e+04
9.445213e+04
9.117688e+04
8.696222e+04
8.622811e+04
8.097649e+04
8.144086e+04
1.064657e+05
1.028251e+05
9.753985e+04
9.385248e+04
9.051306e+04
8.927647e+04
1.194678e+05
1.146927e+05
1.075773e+05
1.052859e+05
1.002560e+05
9.907007e+04
1.324554e+05
1.269760e+05
1.186792e+05
1.150704e+05
1.102623e+05
1.074384e+05
1.431469e+05
1.386183e+05
1.309177e+05
1.265613e+05
1.194846e+05
1.188592e+05
1.607533e+05
1.494998e+05
1.421229e+05
1.374862e+05
1.318151e+05
1.301517e+05
1.769574e+05
1.653357e+05
1.560070e+05
1.488812e+05
1.438544e+05
1.369293e+05
1.910358e+05
1.793149e+05
1.713069e+05
1.576223e+05
1.547114e+05
1.496621e+05
2.014144e+05
1.915998e+05
1.835770e+05
1.722520e+05
1.655746e+05
1.607382e+05
2.194339e+05
2.025387e+05
1.958404e+05
1.838625e+05
1.802951e+05
1.700408e+05
2.332673e+05
2.229814e+05
2.048770e+05
1.986163e+05
1.895929e+05
1.817322e+05
