5.795433e+04
5.959751e+04
5.985714e+04
5.723137e+04
5.350314e+04
5.767689e+04
9.345176e+04
8.666789e+04
8.832275e+04
8.704816e+04
8.554938e+04
8.357928e+04
1.355438e+05
1.297940e+05
1.248123e+05
1.214579e+05
1.212984e+05
1.204112e+05
1.819873e+05
1.838648e+05
1.696239e+05
1.637631e+05
1.593040e+05
1.546396e+05
2.419529e+05
2.262352e+05
2.206878e+05
2.187631e+05
2.071884e+05
1.995559e+05
2.960632e+05
2.820360e+05
2.771822e+05
2.644369e+05
2.559069e+05
2.430814e+05
3.533909e+05
3.533158e+05
3.303135e+05
3.202245e+05
3.035587e+05
2.858675e+05
4.293116e+05
4.103129e+05
3.965750e+05
3.729777e+05
3.718289e+05
3.477471e+05
4.976414e+05
4.668195e+05
4.673143e+05
4.307486e+05
4.199481e+05
3.971228e+05
5.963173e+05
5.530414e+05
5.297809e+05
4.999300e+05
4.835282e+05
4.542836e+05
