6.321294e+04
6.182672e+04
6.188395e+04
5.809260e+04
5.306274e+04
5.612395e+04
9.526075e+04
9.534265e+04
9.013707e+04
8.823895e+04
8.425716e+04
8.167535e+04
1.319380e+05
1.319883e+05
1.350093e+05
1.213326e+05
1.153335e+05
1.163730e+05
1.835187e+05
1.732160e+05
1.672994e+05
1.653942e+05
1.566082e+05
1.608192e+05
2.350639e+05
2.160995e+05
2.072179e+05
2.132579e+05
2.063428e+05
2.011882e+05
2.894277e+05
2.821208e+05
2.603145e+05
2.538332e+05
2.643751e+05
2.456759e+05
3.690061e+05
3.358229e+05
3.275028e+05
3.256531e+05
3.113926e+05
3.031593e+05
4.400252e+05
4.064426e+05
3.895351e+05
3.756237e+05
3.591842e+05
3.619152e+05
5.000598e+05
5.044184e+05
4.583271e+05
4.300271e+05
4.225510e+05
4.204956e+05
6.165086e+05
5.601636e+05
5.317123e+05
5.019024e+05
4.597564e+05
4.568989e+05
