5.495540e+04
5.622661e+04
5.344843e+04
5.192874e+04
5.435267e+04
5.127976e+04
9.073884e+04
8.452308e+04
8.939055e+04
8.578860e+04
8.461859e+04
7.724979e+04
1.278105e+05
1.301945e+05
1.208297e+05
1.158747e+05
1.263438e+05
1.149413e+05
1.733728e+05
1.655686e+05
1.654023e+05
1.622612e+05
1.660865e+05
1.566079e+05
2.392111e+05
2.348994e+05
2.119390e+05
2.197548e+05
2.089786e+05
2.006653e+05
3.029458e+05
2.918324e+05
2.718533e+05
2.589168e+05
2.636919e+05
2.484187e+05
3.755199e+05
3.486877e+05
3.395864e+05
3.086070e+05
3.171349e+05
3.058914e+05
4.543766e+05
4.155797e+05
3.909192e+05
3.771553e+05
3.722174e+05
3.638008e+05
5.231779e+05
5.016452e+05
4.631548e+05
4.507852e+05
4.339212e+05
4.250484e+05
6.174797e+05
5.531430e+05
5.562787e+05
5.179947e+05
4.765160e+05
4.746421e+05
