5.558199e+04
5.678539e+04
5.600265e+04
5.554378e+04
5.428523e+04
5.435382e+04
9.208668e+04
8.855149e+04
8.910152e+04
9.278624e+04
8.216515e+04
8.493077e+04
1.307632e+05
1.256483e+05
1.189282e+05
1.192892e+05
1.213326e+05
1.210410e+05
1.820198e+05
1.753230e+05
1.689194e+05
1.565547e+05
1.567704e+05
1.608656e+05
2.254639e+05
2.284046e+05
2.179730e+05
2.122113e+05
2.090797e+05
2.079354e+05
2.961969e+05
2.820753e+05
2.681873e+05
2.486090e+05
2.531722e+05
2.498858e+05
3.687979e+05
3.290821e+05
3.249626e+05
3.102651e+05
3.073702e+05
2.987306e+05
4.337864e+05
4.127660e+05
3.936668e+05
3.653343e+05
3.590793e+05
3.550795e+05
5.139272e+05
4.773543e+05
4.654874e+05
4.388534e+05
4.170189e+05
3.983700e+05
6.030817e+05
5.754618e+05
5.312382e+05
5.017766e+05
4.811544e+05
4.716317e+05
