5.760726e+04
5.974725e+04
5.382960e+04
5.372117e+04
5.456974e+04
5.470745e+04
8.846314e+04
9.237276e+04
8.841843e+04
8.726473e+04
7.830737e+04
8.501763e+04
1.375136e+05
1.327240e+05
1.205583e+05
1.107167e+05
1.214948e+05
1.219954e+05
1.824019e+05
1.746318e+05
1.579743e+05
1.625014e+05
1.575561e+05
1.543952e+05
2.267582e+05
2.205619e+05
2.123557e+05
2.092407e+05
2.048431e+05
2.032720e+05
2.993435e+05
2.814740e+05
2.698293e+05
2.517802e+05
2.498606e+05
2.397472e+05
3.669185e+05
3.451708e+05
3.260918e+05
3.086245e+05
2.936597e+05
2.911236e+05
4.561120e+05
4.139510e+05
3.953610e+05
3.600062e+05
3.640119e+05
3.442075e+05
5.259793e+05
5.036091e+05
4.636604e+05
4.191878e+05
4.177572e+05
4.022925e+05
6.204871e+05
5.676250e+05
5.222271e+05
4.765412e+05
4.794964e+05
4.608813e+05
