2.002631e+04
1.943997e+04
1.861645e+04
1.891604e+04
1.864891e+04
1.860428e+04
2.556236e+04
2.425949e+04
2.416801e+04
2.433532e+04
2.411094e+04
2.337261e+04
3.125713e+04
3.064805e+04
3.040986e+04
3.017945e+04
2.979418e+04
2.934666e+04
3.873618e+04
3.851822e+04
3.712628e+04
3.581742e+04
3.564119e+04
3.526588e+04
4.649766e+04
4.561419e+04
4.311763e+04
4.354121e+04
4.196422e+04
4.181727e+04
5.455565e+04
5.262880e+04
5.160807e+04
5.016151e+04
4.909175e+04
4.897130e+04
6.457022e+04
6.199968e+04
6.063831e+04
5.772467e+04
5.642891e+04
5.645983e+04
7.470295e+04
7.106660e+04
6.936522e+04
6.554490e+04
6.476021e+04
6.341678e+04
8.549243e+04
8.111506e+04
7.722212e+04
7.476611e+04
7.272426e+04
7.144868e+04
9.841149e+04
9.211393e+04
8.673129e+04
8.625755e+04
8.191766e+04
8.143649e+04
1.067226e+05
1.021316e+05
9.887206e+04
9.481042e+04
9.071059e+04
9.203990e+04
1.198775e+05
1.138812e+05
1.099979e+05
1.049916e+05
1.020445e+05
1.006866e+05
1.324301e+05
1.246515e+05
1.211119e+05
1.175562e+05
1.121218e+05
1.095688e+05
1.468750e+05
1.399144e+05
1.326318e+05
1.284948e+05
1.219226e+05
1.186321e+05
1.590017e+05
1.520611e+05
1.452902e+05
1.387143e+05
1.316143e+05
1.253344e+05
1.741589e+05
1.653493e+05
1.551306e+05
1.497661e+05
1.423714e+05
1.387374e+05
1.878268e+05
1.769903e+05
1.661227e+05
1.590033e+05
1.535057e+05
1.484934e+05
2.035698e+05
1.909072e+05
1.817778e+05
1.741480e+05
1.659476e+05
1.599216e+05
2.200847e+05
2.056459e+05
1.940048e+05
1.842086e+05
1.785201e+05
1.711830e+05
2.360763e+05
2.213609e+05
2.087527e+05
1.964965e+05
1.880626e+05
1.820374e+05
