5.795073e+04
5.488366e+04
5.427991e+04
5.166041e+04
4.882171e+04
4.862911e+04
8.899933e+04
8.719756e+04
8.622170e+04
8.775703e+04
7.990523e+04
7.971655e+04
1.341002e+05
1.279544e+05
1.277419e+05
1.217858e+05
1.181376e+05
1.146392e+05
1.860889e+05
1.770255e+05
1.729151e+05
1.687657e+05
1.571263e+05
1.553484e+05
2.302252e+05
2.256966e+05
2.178574e+05
2.102821e+05
2.065864e+05
2.057367e+05
3.136361e+05
2.847222e+05
2.635707e+05
2.692798e+05
2.549718e+05
2.564445e+05
3.606345e+05
3.332981e+05
3.289009e+05
3.192255e+05
3.284854e+05
2.990872e+05
4.327787e+05
4.050335e+05
3.957892e+05
3.806873e+05
3.669305e+05
3.637226e+05
5.205016e+05
4.740668e+05
4.510376e+05
4.284845e+05
4.394725e+05
4.143671e+05
6.218071e+05
5.489990e+05
5.249984e+05
5.024612e+05
4.932632e+05
4.720395e+05
