5.941050e+04
5.735421e+04
6.148788e+04
5.677475e+04
5.746203e+04
5.605999e+04
8.740752e+04
9.030309e+04
8.717852e+04
8.929607e+04
8.339917e+04
8.443374e+04
1.334069e+05
1.288974e+05
1.243837e+05
1.269904e+05
1.172463e+05
1.062549e+05
1.796047e+05
1.730479e+05
1.683857e+05
1.684607e+05
1.519519e+05
1.557930e+05
2.305116e+05
2.212349e+05
2.201975e+05
2.032678e+05
1.933089e+05
1.956373e+05
2.894479e+05
2.862657e+05
2.691441e+05
2.554197e+05
2.410227e+05
2.465741e+05
3.662564e+05
3.381203e+05
3.184430e+05
3.070677e+05
2.875250e+05
2.985904e+05
4.477514e+05
4.087862e+05
3.910622e+05
3.774951e+05
3.494369e+05
3.528687e+05
5.338638e+05
4.881353e+05
4.461632e+05
4.320383e+05
4.077099e+05
3.968308e+05
6.323548e+05
5.781829e+05
5.224397e+05
4.891472e+05
4.638408e+05
4.576971e+05
