5.703046e+04
5.416710e+04
5.477787e+04
5.446390e+04
5.210403e+04
5.588571e+04
9.011610e+04
9.013051e+04
9.302612e+04
8.903453e+04
8.749446e+04
8.323841e+04
1.349438e+05
1.349923e+05
1.263546e+05
1.241656e+05
1.206904e+05
1.176788e+05
1.896236e+05
1.794412e+05
1.663766e+05
1.616567e+05
1.622406e+05
1.568613e+05
2.407051e+05
2.298927e+05
2.169173e+05
2.028061e+05
2.109733e+05
1.942464e+05
2.957867e+05
2.876549e+05
2.719179e+05
2.540303e+05
2.519702e+05
2.456383e+05
3.650276e+05
3.511404e+05
3.257174e+05
3.152624e+05
3.145121e+05
2.891187e+05
4.452253e+05
4.045132e+05
3.834392e+05
3.804013e+05
3.564548e+05
3.556122e+05
5.190294e+05
4.962859e+05
4.537392e+05
4.413054e+05
4.062305e+05
4.163970e+05
6.013061e+05
5.595102e+05
5.122847e+05
4.993919e+05
4.623570e+05
4.757142e+05
