5.874447e+04
6.016734e+04
5.662117e+04
5.448915e+04
5.659196e+04
5.249079e+04
8.560692e+04
8.278656e+04
8.576893e+04
8.454816e+04
8.069251e+04
7.888041e+04
1.361531e+05
1.296234e+05
1.259430e+05
1.179344e+05
1.251782e+05
1.198817e+05
1.745948e+05
1.789723e+05
1.693228e+05
1.638420e+05
1.642025e+05
1.572717e+05
2.313362e+05
2.215719e+05
2.195444e+05
2.032304e+05
2.162282e+05
2.116258e+05
2.928216e+05
2.906223e+05
2.653132e+05
2.635198e+05
2.436175e+05
2.500130e+05
3.645526e+05
3.456173e+05
3.326406e+05
3.109438e+05
3.037683e+05
2.832049e+05
4.324852e+05
4.032396e+05
3.897825e+05
3.716322e+05
3.505862e+05
3.480561e+05
5.046449e+05
4.764695e+05
4.656861e+05
4.390582e+05
4.129010e+05
4.154242e+05
6.213001e+05
5.484990e+05
5.317627e+05
5.039157e+05
4.596149e+05
4.722370e+05
