5.892701e+04
6.070617e+04
5.731172e+04
5.766998e+04
5.672598e+04
5.478721e+04
9.813792e+04
9.129676e+04
8.782645e+04
8.894931e+04
8.683049e+04
8.479936e+04
1.319266e+05
1.284243e+05
1.271412e+05
1.249972e+05
1.216817e+05
1.164528e+05
1.802177e+05
1.788589e+05
1.640412e+05
1.639574e+05
1.530607e+05
1.536781e+05
2.321233e+05
2.221839e+05
2.209362e+05
2.126213e+05
1.995100e+05
1.898212e+05
3.051690e+05
2.882785e+05
2.666865e+05
2.651874e+05
2.660310e+05
2.379729e+05
3.843791e+05
3.478655e+05
3.331936e+05
3.138325e+05
2.994180e+05
2.896595e+05
4.609117e+05
4.278677e+05
3.974500e+05
3.856590e+05
3.623787e+05
3.403765e+05
5.184767e+05
5.074327e+05
4.404288e+05
4.272795e+05
4.235811e+05
3.988527e+05
6.162117e+05
5.743049e+05
5.347167e+05
5.026159e+05
4.609546e+05
4.552261e+05
