6.407535e+04
6.211210e+04
5.469021e+04
5.609212e+04
5.539659e+04
5.322137e+04
9.184649e+04
8.752709e+04
8.731729e+04
8.566501e+04
8.592317e+04
8.253254e+04
1.420773e+05
1.331913e+05
1.275956e+05
1.274383e+05
1.188024e+05
1.249189e+05
1.960687e+05
1.805847e+05
1.677601e+05
1.709260e+05
1.606658e+05
1.580144e+05
2.350739e+05
2.314941e+05
2.212992e+05
2.123144e+05
2.019943e+05
1.979891e+05
2.949670e+05
2.944604e+05
2.730912e+05
2.563338e+05
2.524202e+05
2.396422e+05
3.667672e+05
3.418972e+05
3.427443e+05
3.191301e+05
3.026497e+05
2.894123e+05
4.410623e+05
3.946102e+05
3.783563e+05
3.841914e+05
3.743996e+05
3.416715e+05
5.225373e+05
4.968312e+05
4.605975e+05
4.386621e+05
4.261861e+05
3.846661e+05
6.029064e+05
5.586504e+05
5.318804e+05
4.925765e+05
4.852602e+05
4.586592e+05
