5.769995e+04
5.650052e+04
5.941538e+04
5.875454e+04
5.379922e+04
5.436627e+04
9.460041e+04
8.952559e+04
8.949809e+04
9.049612e+04
8.256197e+04
8.284134e+04
1.376174e+05
1.375049e+05
1.229045e+05
1.254311e+05
1.190475e+05
1.192134e+05
1.833835e+05
1.745514e+05
1.715714e+05
1.698541e+05
1.659435e+05
1.611519e+05
2.313577e+05
2.284314e+05
2.193315e+05
2.103494e+05
2.069751e+05
1.981797e+05
2.908745e+05
2.879094e+05
2.754241e+05
2.608034e+05
2.535324e+05
2.429756e+05
3.752409e+05
3.505377e+05
3.333718e+05
3.071643e+05
3.042812e+05
2.932557e+05
4.386354e+05
4.111342e+05
3.939562e+05
3.731767e+05
3.463648e+05
3.402673e+05
5.047331e+05
4.852389e+05
4.548465e+05
4.335858e+05
4.205132e+05
4.203792e+05
6.137832e+05
5.480086e+05
5.246945e+05
5.022182e+05
4.702891e+05
4.746699e+05
