5.883196e+04
5.791185e+04
5.852760e+04
5.520397e+04
5.319229e+04
5.223894e+04
9.045265e+04
9.315362e+04
8.925246e+04
8.720985e+04
8.533420e+04
8.944554e+04
1.335186e+05
1.314877e+05
1.258625e+05
1.244562e+05
1.220841e+05
1.175221e+05
1.772533e+05
1.786492e+05
1.732862e+05
1.695184e+05
1.599838e+05
1.561417e+05
2.337936e+05
2.201368e+05
2.158486e+05
2.183081e+05
2.021468e+05
2.045872e+05
3.028433e+05
2.915442e+05
2.782965e+05
2.572197e+05
2.567165e+05
2.444175e+05
3.850408e+05
3.597779e+05
3.270195e+05
3.200860e+05
3.129129e+05
2.876957e+05
4.472783e+05
4.248127e+05
4.014703e+05
3.875712e+05
3.603172e+05
3.514311e+05
5.362229e+05
4.837700e+05
4.736404e+05
4.385950e+05
4.186355e+05
3.865606e+05
6.170030e+05
5.622842e+05
5.227795e+05
5.006273e+05
4.679653e+05
4.393618e+05
