5.904532e+04
5.825114e+04
5.791442e+04
5.196283e+04
5.340959e+04
5.715123e+04
9.529106e+04
9.041692e+04
8.966790e+04
8.289350e+04
8.080115e+04
8.112027e+04
1.335085e+05
1.303629e+05
1.210509e+05
1.233113e+05
1.133524e+05
1.197957e+05
1.881608e+05
1.721019e+05
1.660115e+05
1.679390e+05
1.608318e+05
1.563599e+05
2.386769e+05
2.249558e+05
2.157589e+05
2.059072e+05
2.066201e+05
2.039771e+05
2.969908e+05
2.783263e+05
2.724963e+05
2.619668e+05
2.607859e+05
2.446867e+05
3.705518e+05
3.522607e+05
3.288407e+05
3.201283e+05
3.133040e+05
2.967851e+05
4.406468e+05
4.053140e+05
3.793833e+05
3.655508e+05
3.564463e+05
3.523638e+05
5.265630e+05
4.793226e+05
4.417540e+05
4.368413e+05
4.109891e+05
4.054211e+05
5.994109e+05
5.743326e+05
5.106531e+05
4.841552e+05
4.773618e+05
4.621755e+05
