5.972842e+04
5.658333e+04
5.817090e+04
5.444051e+04
5.472542e+04
5.251455e+04
9.362534e+04
9.002195e+04
8.638039e+04
8.109273e+04
8.416894e+04
8.211528e+04
1.332998e+05
1.319993e+05
1.311738e+05
1.218638e+05
1.217370e+05
1.209865e+05
1.841400e+05
1.743852e+05
1.636484e+05
1.722062e+05
1.639674e+05
1.576876e+05
2.349926e+05
2.269326e+05
2.219771e+05
2.199119e+05
2.028991e+05
2.030487e+05
3.015390e+05
2.766426e+05
2.671315e+05
2.686674e+05
2.685697e+05
2.474754e+05
3.700720e+05
3.453456e+05
3.273137e+05
3.310039e+05
3.116125e+05
2.973384e+05
4.298984e+05
3.979028e+05
4.068741e+05
3.793241e+05
3.583662e+05
3.454682e+05
5.236146e+05
4.819215e+05
4.587694e+05
4.453910e+05
4.252591e+05
4.168038e+05
6.146504e+05
5.557156e+05
5.307598e+05
4.930538e+05
4.898480e+05
4.553912e+05
