5.718532e+04
5.640691e+04
5.556315e+04
5.490990e+04
5.355933e+04
4.896095e+04
8.976734e+04
9.139273e+04
8.617806e+04
8.065062e+04
8.299616e+04
8.011791e+04
1.362613e+05
1.264374e+05
1.227636e+05
1.198814e+05
1.106566e+05
1.146982e+05
1.823892e+05
1.798054e+05
1.657057e+05
1.683813e+05
1.568266e+05
1.495700e+05
2.330796e+05
2.212036e+05
2.166716e+05
2.074262e+05
1.922306e+05
1.959735e+05
2.977730e+05
2.869395e+05
2.763150e+05
2.598066e+05
2.516513e+05
2.398219e+05
3.637469e+05
3.410833e+05
3.406572e+05
3.186039e+05
2.856792e+05
2.870177e+05
4.263580e+05
4.057744e+05
4.053441e+05
3.797232e+05
3.529522e+05
3.536852e+05
5.223887e+05
4.911365e+05
4.615666e+05
4.376965e+05
4.004052e+05
4.081993e+05
5.970532e+05
5.660351e+05
5.351720e+05
5.071409e+05
4.670970e+05
4.709944e+05
