1.943364e+04
1.923684e+04
1.843934e+04
1.846891e+04
1.782961e+04
1.860054e+04
2.561018e+04
2.506868e+04
2.396538e+04
2.363513e+04
2.333113e+04
2.342876e+04
3.220774e+04
3.109953e+04
3.014215e+04
2.942434e+04
2.933803e+04
2.951226e+04
3.908109e+04
3.822186e+04
3.711224e+04
3.602856e+04
3.607651e+04
3.503619e+04
4.698166e+04
4.523060e+04
4.258301e+04
4.286779e+04
4.212422e+04
4.194998e+04
5.626632e+04
5.313577e+04
5.256566e+04
4.969478e+04
5.017686e+04
4.881906e+04
6.543346e+04
6.297423e+04
6.105601e+04
5.859028e+04
5.729141e+04
5.634046e+04
7.656262e+04
7.034990e+04
6.922211e+04
6.737826e+04
6.533367e+04
6.461063e+04
8.595237e+04
8.189588e+04
8.001197e+04
7.619746e+04
7.348154e+04
7.248540e+04
9.676787e+04
9.190401e+04
8.867794e+04
8.608125e+04
8.356974e+04
8.057484e+04
1.063815e+05
1.011416e+05
9.885158e+04
9.462015e+04
9.146461e+04
9.023830e+04
1.181353e+05
1.136546e+05
1.088170e+05
1.053717e+05
1.021277e+05
9.995766e+04
1.309947e+05
1.255840e+05
1.205371e+05
1.161926e+05
1.119693e+05
1.101423e+05
1.456961e+05
1.379734e+05
1.305658e+05
1.275364e+05
1.222861e+05
1.197293e+05
1.617453e+05
1.498325e+05
1.460171e+05
1.384264e+05
1.322187e+05
1.286318e+05
1.755691e+05
1.640446e+05
1.575588e+05
1.493670e+05
1.447628e+05
1.401585e+05
1.894997e+05
1.796358e+05
1.706827e+05
1.610939e+05
1.547722e+05
1.508521e+05
2.057830e+05
1.919456e+05
1.812506e+05
1.726906e+05
1.657703e+05
1.605686e+05
2.239587e+05
2.061509e+05
1.950539e+05
1.858513e+05
1.777941e+05
1.738904e+05
2.380597e+05
2.221060e+05
2.082971e+05
1.972105e+05
1.877821e+05
1.828651e+05
