5.940825e+04
5.726667e+04
6.168105e+04
5.631615e+04
5.601931e+04
5.507397e+04
1.013781e+05
9.004779e+04
9.415663e+04
9.100785e+04
8.109408e+04
8.113324e+04
1.329371e+05
1.334991e+05
1.290898e+05
1.272658e+05
1.158704e+05
1.116109e+05
1.745615e+05
1.745596e+05
1.773911e+05
1.643883e+05
1.643556e+05
1.480399e+05
2.346660e+05
2.314403e+05
2.148795e+05
2.207957e+05
2.102846e+05
1.974041e+05
3.021556e+05
2.657857e+05
2.682772e+05
2.673752e+05
2.473660e+05
2.410389e+05
3.768709e+05
3.485969e+05
3.271172e+05
3.203649e+05
3.191340e+05
2.993244e+05
4.378388e+05
4.114177e+05
3.892730e+05
3.717419e+05
3.561403e+05
3.560019e+05
5.124204e+05
4.807661e+05
4.517696e+05
4.311466e+05
4.089162e+05
4.133241e+05
5.925214e+05
5.471397e+05
5.382405e+05
5.007900e+05
4.689714e+05
4.654741e+05
