5.934804e+04
6.082040e+04
5.723371e+04
5.402167e+04
5.591265e+04
5.277128e+04
9.238166e+04
9.387500e+04
8.879005e+04
8.851113e+04
8.445521e+04
8.620047e+04
1.365955e+05
1.272922e+05
1.229132e+05
1.258529e+05
1.193784e+05
1.224320e+05
1.762077e+05
1.724257e+05
1.725636e+05
1.734918e+05
1.648672e+05
1.671721e+05
2.329300e+05
2.330645e+05
2.285589e+05
2.151552e+05
2.102661e+05
2.071171e+05
2.901198e+05
2.817215e+05
2.762363e+05
2.570498e+05
2.538366e+05
2.457003e+05
3.578218e+05
3.490898e+05
3.326796e+05
3.206786e+05
2.937689e+05
3.001052e+05
4.251043e+05
4.062734e+05
3.960828e+05
3.721662e+05
3.529071e+05
3.452191e+05
5.080862e+05
4.943051e+05
4.596663e+05
4.319769e+05
4.110568e+05
4.005588e+05
6.090836e+05
5.695191e+05
5.300030e+05
4.767020e+05
4.749372e+05
4.635428e+05
