1.630201e+08
1.642821e+08
1.591529e+08
1.537174e+08
1.513733e+08
1.508317e+08
2.631749e+08
2.522375e+08
2.502314e+08
2.453624e+08
2.366999e+08
2.347048e+08
3.830887e+08
3.678365e+08
3.559156e+08
3.421254e+08
3.404916e+08
3.344335e+08
5.157173e+08
4.939931e+08
4.766684e+08
4.607416e+08
4.514490e+08
4.447275e+08
6.662361e+08
6.372899e+08
6.165489e+08
5.957354e+08
5.766006e+08
5.702014e+08
8.435110e+08
8.058981e+08
7.593805e+08
7.353843e+08
7.129278e+08
6.961292e+08
1.036303e+09
9.782600e+08
9.286212e+08
8.908020e+08
8.598227e+08
8.354833e+08
1.244591e+09
1.168395e+09
1.103298e+09
1.061061e+09
1.019699e+09
9.951620e+08
1.461271e+09
1.371003e+09
1.290872e+09
1.229282e+09
1.182933e+09
1.158773e+09
1.729894e+09
1.585621e+09
1.494048e+09
1.411390e+09
1.352591e+09
1.312145e+09
