1.469472e+04
1.514555e+04
1.374153e+04
1.369037e+04
1.331323e+04
1.269600e+04
2.507796e+04
2.346329e+04
2.344189e+04
2.218120e+04
2.008216e+04
2.021544e+04
3.533704e+04
3.234948e+04
3.322137e+04
3.102572e+04
3.145739e+04
3.018097e+04
4.577967e+04
4.360619e+04
4.397164e+04
4.125888e+04
4.051138e+04
3.779458e+04
5.946976e+04
5.763356e+04
5.596853e+04
5.382967e+04
5.181467e+04
5.147689e+04
7.491757e+04
7.196111e+04
6.864569e+04
6.562621e+04
6.511946e+04
6.209086e+04
9.110672e+04
8.826757e+04
7.947698e+04
7.771089e+04
7.608746e+04
7.479994e+04
1.122934e+05
1.051712e+05
9.942117e+04
9.143920e+04
9.247558e+04
9.045444e+04
1.323485e+05
1.218985e+05
1.145981e+05
1.070918e+05
1.072732e+05
1.056421e+05
1.523523e+05
1.445764e+05
1.289903e+05
1.235553e+05
1.237360e+05
1.242233e+05
