5.899670e+04
5.854012e+04
5.846049e+04
5.141867e+04
5.371424e+04
5.334514e+04
9.729272e+04
8.997550e+04
9.002289e+04
8.795945e+04
8.177337e+04
8.015906e+04
1.396436e+05
1.274263e+05
1.295298e+05
1.197270e+05
1.175432e+05
1.196053e+05
1.812554e+05
1.802775e+05
1.667816e+05
1.536980e+05
1.542000e+05
1.545594e+05
2.405185e+05
2.290704e+05
2.222777e+05
2.126030e+05
2.104223e+05
2.030916e+05
2.974768e+05
2.932510e+05
2.695155e+05
2.621217e+05
2.529057e+05
2.525259e+05
3.648025e+05
3.493285e+05
3.227974e+05
3.395168e+05
3.048639e+05
2.975343e+05
4.342650e+05
4.229568e+05
3.904138e+05
3.899086e+05
3.589041e+05
3.602403e+05
5.062798e+05
4.833333e+05
4.515099e+05
4.340531e+05
4.252706e+05
4.072814e+05
6.116804e+05
5.442391e+05
5.276015e+05
4.993929e+05
4.871537e+05
4.717432e+05
