5.566328e+04
5.734447e+04
5.916201e+04
5.072443e+04
5.668350e+04
5.087202e+04
9.054409e+04
9.201365e+04
8.268538e+04
8.475732e+04
8.346130e+04
8.373879e+04
1.353745e+05
1.295090e+05
1.307762e+05
1.183698e+05
1.201462e+05
1.137712e+05
1.857605e+05
1.754564e+05
1.648228e+05
1.656967e+05
1.546709e+05
1.561387e+05
2.471223e+05
2.264054e+05
2.138904e+05
2.086758e+05
1.930522e+05
2.062446e+05
3.052874e+05
2.822779e+05
2.698939e+05
2.580333e+05
2.430079e+05
2.472191e+05
3.692905e+05
3.375844e+05
3.264383e+05
3.111778e+05
2.920587e+05
2.910379e+05
4.268507e+05
4.053829e+05
4.045010e+05
3.554348e+05
3.468338e+05
3.482511e+05
5.110939e+05
4.821805e+05
4.503798e+05
4.396352e+05
3.982935e+05
4.005541e+05
5.924830e+05
5.410651e+05
5.062299e+05
5.135528e+05
4.707164e+05
4.772152e+05
