2.014213e+04
1.929694e+04
1.947378e+04
1.906845e+04
1.824213e+04
1.811847e+04
2.579970e+04
2.540884e+04
2.421003e+04
2.396635e+04
2.309114e+04
2.375263e+04
3.173343e+04
3.128125e+04
3.088646e+04
2.926278e+04
2.922477e+04
2.927290e+04
3.864435e+04
3.766471e+04
3.753798e+04
3.629756e+04
3.535236e+04
3.483606e+04
4.632564e+04
4.470571e+04
4.497209e+04
4.252682e+04
4.223870e+04
4.202778e+04
5.483434e+04
5.342930e+04
5.251143e+04
5.123415e+04
4.918526e+04
4.945398e+04
6.359578e+04
6.304475e+04
6.073826e+04
5.864215e+04
5.812358e+04
5.606984e+04
7.342994e+04
7.257531e+04
7.080600e+04
6.807889e+04
6.512223e+04
6.263201e+04
8.382521e+04
8.098318e+04
7.885889e+04
7.663021e+04
7.433966e+04
7.050877e+04
9.378040e+04
9.081943e+04
9.028140e+04
8.660050e+04
8.352188e+04
8.073305e+04
1.047957e+05
1.011656e+05
9.770779e+04
9.583042e+04
9.280697e+04
9.022681e+04
1.182489e+05
1.106782e+05
1.079563e+05
1.052374e+05
1.025083e+05
9.836020e+04
1.299489e+05
1.236355e+05
1.207057e+05
1.147263e+05
1.128906e+05
1.080358e+05
1.458208e+05
1.392147e+05
1.336499e+05
1.254056e+05
1.202390e+05
1.161506e+05
1.612006e+05
1.511810e+05
1.460594e+05
1.371023e+05
1.335653e+05
1.283996e+05
1.761224e+05
1.663525e+05
1.574963e+05
1.472891e+05
1.406626e+05
1.384026e+05
1.901345e+05
1.794151e+05
1.707421e+05
1.581392e+05
1.545666e+05
1.476054e+05
2.037427e+05
1.939850e+05
1.823252e+05
1.723955e+05
1.679914e+05
1.590418e+05
2.225276e+05
2.077584e+05
1.951212e+05
1.848195e+05
1.800860e+05
1.698856e+05
2.424171e+05
2.207944e+05
2.080230e+05
2.003831e+05
1.900412e+05
1.805816e+05
