1.960474e+04
1.927161e+04
1.893064e+04
1.873016e+04
1.826744e+04
1.794662e+04
2.502696e+04
2.462795e+04
2.504781e+04
2.401971e+04
2.373587e+04
2.233517e+04
3.237463e+04
3.058259e+04
3.072092e+04
2.890161e+04
2.925143e+04
2.844778e+04
3.909654e+04
3.784290e+04
3.752842e+04
3.574173e+04
3.545162e+04
3.455790e+04
4.742198e+04
4.552805e+04
4.321880e+04
4.243606e+04
4.185953e+04
4.181999e+04
5.550728e+04
5.270610e+04
5.209387e+04
5.021145e+04
5.041662e+04
4.884083e+04
6.349853e+04
6.264161e+04
5.948418e+04
5.778421e+04
5.839401e+04
5.780887e+04
7.502522e+04
7.229878e+04
6.896536e+04
6.604990e+04
6.589093e+04
6.487219e+04
8.318423e+04
7.931667e+04
7.783423e+04
7.518350e+04
7.453612e+04
7.234442e+04
9.570555e+04
9.016076e+04
8.736173e+04
8.538502e+04
8.209623e+04
8.042064e+04
1.068775e+05
1.033126e+05
9.646561e+04
9.400013e+04
9.225807e+04
9.040340e+04
1.197979e+05
1.150114e+05
1.086246e+05
1.045028e+05
1.039018e+05
9.970310e+04
1.320723e+05
1.258770e+05
1.192979e+05
1.167104e+05
1.115465e+05
1.093342e+05
1.459835e+05
1.372494e+05
1.312091e+05
1.268483e+05
1.225045e+05
1.177923e+05
1.614030e+05
1.498734e+05
1.426001e+05
1.366632e+05
1.347447e+05
1.286849e+05
1.772656e+05
1.642655e+05
1.547636e+05
1.500147e+05
1.451303e+05
1.408287e+05
1.906748e+05
1.771324e+05
1.686449e+05
1.603430e+05
1.548438e+05
1.516837e+05
2.113521e+05
1.941430e+05
1.803992e+05
1.722381e+05
1.681763e+05
1.614060e+05
2.198706e+05
2.069966e+05
1.960404e+05
1.832619e+05
1.801380e+05
1.738548e+05
2.405682e+05
2.260491e+05
2.083862e+05
2.011692e+05
1.903959e+05
1.835589e+05
