5.778435e+04
5.823414e+04
5.840661e+04
5.637858e+04
5.232067e+04
5.032212e+04
9.470286e+04
9.130697e+04
8.760114e+04
8.345578e+04
8.306084e+04
7.722396e+04
1.314934e+05
1.281398e+05
1.271684e+05
1.257052e+05
1.216568e+05
1.212921e+05
1.777458e+05
1.712669e+05
1.669473e+05
1.613942e+05
1.540282e+05
1.624369e+05
2.432005e+05
2.307944e+05
2.147653e+05
2.015880e+05
2.034177e+05
2.054390e+05
2.996000e+05
2.808316e+05
2.697396e+05
2.461227e+05
2.570542e+05
2.466553e+05
3.802575e+05
3.456596e+05
3.232098e+05
3.244045e+05
2.899478e+05
3.016564e+05
4.329205e+05
4.099282e+05
3.924888e+05
3.708166e+05
3.540158e+05
3.518172e+05
5.226104e+05
4.780047e+05
4.490296e+05
4.524003e+05
4.146004e+05
4.045644e+05
6.130114e+05
5.617764e+05
5.239462e+05
5.049276e+05
4.934490e+05
4.559642e+05
