5.582354e+04
5.793443e+04
6.024457e+04
5.551054e+04
5.212921e+04
4.966422e+04
9.254908e+04
9.187556e+04
8.792651e+04
8.206761e+04
8.426476e+04
8.208876e+04
1.275539e+05
1.274615e+05
1.252911e+05
1.152853e+05
1.150380e+05
1.106985e+05
1.764055e+05
1.724233e+05
1.603184e+05
1.598694e+05
1.596551e+05
1.533764e+05
2.302157e+05
2.214891e+05
2.151532e+05
2.073946e+05
2.042481e+05
1.948327e+05
2.907627e+05
2.936460e+05
2.798748e+05
2.539001e+05
2.583353e+05
2.425074e+05
3.604577e+05
3.437717e+05
3.229843e+05
3.212912e+05
3.078264e+05
2.941075e+05
4.418932e+05
4.172354e+05
3.998790e+05
3.715572e+05
3.686662e+05
3.464697e+05
5.162852e+05
4.959019e+05
4.669504e+05
4.296205e+05
4.415861e+05
4.061789e+05
5.888114e+05
5.651779e+05
5.516683e+05
5.029295e+05
4.883838e+05
4.603294e+05
