5.555287e+04
5.745470e+04
5.565996e+04
5.349330e+04
5.392555e+04
5.412008e+04
9.450037e+04
9.382917e+04
8.796856e+04
8.855321e+04
8.290330e+04
8.384009e+04
1.408940e+05
1.268077e+05
1.213897e+05
1.213412e+05
1.263727e+05
1.237262e+05
1.796777e+05
1.810081e+05
1.719719e+05
1.638540e+05
1.678442e+05
1.620977e+05
2.365697e+05
2.240848e+05
2.095802e+05
2.136304e+05
2.111405e+05
2.040516e+05
3.006952e+05
2.894826e+05
2.607424e+05
2.683693e+05
2.600507e+05
2.451442e+05
3.729443e+05
3.455973e+05
3.207427e+05
3.104688e+05
3.113194e+05
3.039551e+05
4.400477e+05
3.955592e+05
3.715403e+05
3.662039e+05
3.638609e+05
3.489767e+05
5.084094e+05
4.727996e+05
4.461192e+05
4.342341e+05
4.165573e+05
4.268944e+05
5.914695e+05
5.617384e+05
5.200774e+05
5.060753e+05
4.800635e+05
4.771180e+05
