5.632098e+04
6.051719e+04
5.719077e+04
5.852948e+04
5.370551e+04
5.087055e+04
9.544669e+04
8.942756e+04
9.103598e+04
8.842923e+04
8.361226e+04
8.057753e+04
1.371481e+05
1.296085e+05
1.233837e+05
1.202028e+05
1.210027e+05
1.172733e+05
1.771123e+05
1.700694e+05
1.640460e+05
1.702510e+05
1.554489e+05
1.633994e+05
2.424247e+05
2.105748e+05
2.065390e+05
2.140530e+05
2.077237e+05
2.014554e+05
3.000510e+05
2.744999e+05
2.646658e+05
2.639502e+05
2.619156e+05
2.478170e+05
3.526074e+05
3.374692e+05
3.149231e+05
3.188342e+05
3.084560e+05
2.920410e+05
4.286680e+05
3.989942e+05
3.881750e+05
3.900955e+05
3.559739e+05
3.503077e+05
4.946826e+05
4.838138e+05
4.598284e+05
4.298345e+05
4.165215e+05
3.979321e+05
5.809144e+05
5.642810e+05
5.260219e+05
4.919685e+05
4.718668e+05
4.671356e+05
