5.706747e+04
6.231884e+04
5.647061e+04
5.564226e+04
5.396931e+04
5.403248e+04
9.091646e+04
9.149401e+04
9.067387e+04
8.676354e+04
8.596286e+04
8.723086e+04
1.439575e+05
1.303911e+05
1.263132e+05
1.218539e+05
1.163247e+05
1.164991e+05
1.813285e+05
1.852782e+05
1.787814e+05
1.624473e+05
1.566820e+05
1.521453e+05
2.347050e+05
2.290408e+05
2.108331e+05
2.034186e+05
1.989239e+05
1.928235e+05
2.970079e+05
2.792888e+05
2.528904e+05
2.525042e+05
2.493295e+05
2.423924e+05
3.756034e+05
3.454935e+05
3.237549e+05
3.064757e+05
2.955002e+05
2.850302e+05
4.444724e+05
4.049687e+05
3.744053e+05
3.759880e+05
3.532979e+05
3.574296e+05
5.186158e+05
4.811811e+05
4.492125e+05
4.254791e+05
4.081949e+05
4.058835e+05
6.025989e+05
5.570458e+05
5.229318e+05
4.955858e+05
4.687719e+05
4.648347e+05
