5.348119e+04
5.637520e+04
5.563034e+04
5.056517e+04
5.114807e+04
4.954287e+04
9.407201e+04
8.836589e+04
8.347845e+04
8.624427e+04
8.204375e+04
8.146416e+04
1.350569e+05
1.324079e+05
1.268438e+05
1.259568e+05
1.179894e+05
1.152196e+05
1.892732e+05
1.781957e+05
1.715184e+05
1.659978e+05
1.612740e+05
1.609317e+05
2.361192e+05
2.384610e+05
2.114676e+05
2.058512e+05
2.036332e+05
1.943775e+05
3.050052e+05
2.832727e+05
2.662822e+05
2.612626e+05
2.489268e+05
2.423677e+05
3.645118e+05
3.336695e+05
3.294310e+05
3.114704e+05
3.072312e+05
2.988346e+05
4.311944e+05
4.223976e+05
3.903305e+05
3.813908e+05
3.691077e+05
3.495996e+05
5.215190e+05
4.911916e+05
4.532737e+05
4.293609e+05
4.084618e+05
4.258944e+05
6.055117e+05
5.570205e+05
5.232863e+05
5.040153e+05
4.867093e+05
4.753312e+05
