5.479473e+04
5.729837e+04
5.582622e+04
5.495691e+04
5.077056e+04
5.526691e+04
9.984801e+04
9.233753e+04
8.991767e+04
8.191954e+04
7.968973e+04
8.001428e+04
1.464800e+05
1.303489e+05
1.257229e+05
1.172809e+05
1.189274e+05
1.125327e+05
1.889157e+05
1.773496e+05
1.629891e+05
1.649984e+05
1.601197e+05
1.565734e+05
2.230771e+05
2.436649e+05
2.205638e+05
2.120857e+05
2.094283e+05
2.029971e+05
3.008510e+05
2.892515e+05
2.695693e+05
2.588294e+05
2.550536e+05
2.411191e+05
3.641002e+05
3.410245e+05
3.265161e+05
3.130958e+05
2.794957e+05
2.893574e+05
4.473183e+05
4.138581e+05
3.841362e+05
3.761900e+05
3.522885e+05
3.306392e+05
5.384571e+05
4.742112e+05
4.491335e+05
4.193980e+05
4.134742e+05
3.894377e+05
6.051781e+05
5.654112e+05
5.261125e+05
4.929613e+05
4.937796e+05
4.468601e+05
