1.977202e+04
1.954852e+04
1.907145e+04
1.857463e+04
1.835100e+04
1.765731e+04
2.537366e+04
2.481202e+04
2.382773e+04
2.328426e+04
2.339757e+04
2.272823e+04
3.197731e+04
3.061122e+04
2.974609e+04
2.979198e+04
2.899512e+04
2.809568e+04
3.832477e+04
3.788275e+04
3.661115e+04
3.643912e+04
3.497312e+04
3.494435e+04
4.722399e+04
4.530528e+04
4.436799e+04
4.348853e+04
4.133940e+04
4.079917e+04
5.519945e+04
5.264625e+04
5.298858e+04
4.973663e+04
4.946151e+04
4.817060e+04
6.549643e+04
6.303870e+04
6.127519e+04
5.944272e+04
5.682474e+04
5.541758e+04
7.503439e+04
7.148998e+04
6.975635e+04
6.814919e+04
6.589528e+04
6.381225e+04
8.418781e+04
8.130869e+04
7.753058e+04
7.685590e+04
7.341932e+04
7.162883e+04
9.670586e+04
9.167569e+04
8.910013e+04
8.680657e+04
8.243123e+04
8.188683e+04
1.072744e+05
1.023985e+05
9.947440e+04
9.468686e+04
9.192978e+04
9.041067e+04
1.209764e+05
1.141571e+05
1.092683e+05
1.058172e+05
1.006803e+05
9.919757e+04
1.343838e+05
1.254949e+05
1.211066e+05
1.162295e+05
1.113573e+05
1.086112e+05
1.444439e+05
1.371284e+05
1.325827e+05
1.257398e+05
1.229947e+05
1.178254e+05
1.591252e+05
1.507176e+05
1.433327e+05
1.366182e+05
1.315247e+05
1.267519e+05
1.715436e+05
1.626304e+05
1.539611e+05
1.483351e+05
1.427985e+05
1.383085e+05
1.908039e+05
1.772233e+05
1.670675e+05
1.606408e+05
1.550338e+05
1.482223e+05
2.080945e+05
1.918689e+05
1.810357e+05
1.743189e+05
1.656108e+05
1.578805e+05
2.219489e+05
2.054276e+05
1.939103e+05
1.865234e+05
1.795128e+05
1.710709e+05
2.366963e+05
2.202301e+05
2.085930e+05
2.007546e+05
1.889542e+05
1.869602e+05
