5.658376e+04
5.253786e+04
5.133740e+04
5.549719e+04
5.472271e+04
5.326688e+04
9.371902e+04
8.867559e+04
8.613648e+04
8.116538e+04
8.037916e+04
8.308857e+04
1.348095e+05
1.276828e+05
1.257277e+05
1.223273e+05
1.102577e+05
1.156029e+05
1.762341e+05
1.729652e+05
1.632652e+05
1.577104e+05
1.552712e+05
1.475763e+05
2.304170e+05
2.297075e+05
2.158769e+05
2.150704e+05
2.029740e+05
2.055043e+05
3.007045e+05
2.936818e+05
2.692220e+05
2.624489e+05
2.518502e+05
2.523174e+05
3.540001e+05
3.337166e+05
3.332868e+05
3.186012e+05
2.952861e+05
2.915034e+05
4.354176e+05
4.134966e+05
3.939362e+05
3.767675e+05
3.463592e+05
3.234778e+05
4.957362e+05
4.708683e+05
4.684977e+05
4.289705e+05
4.134408e+05
3.977576e+05
6.008602e+05
5.751901e+05
5.419404e+05
5.075923e+05
4.685481e+05
4.324265e+05
