5.694906e+04
6.214771e+04
5.737561e+04
5.455170e+04
5.559233e+04
5.543384e+04
9.496035e+04
9.149590e+04
9.319885e+04
8.550848e+04
8.789965e+04
8.526076e+04
1.447945e+05
1.304512e+05
1.257145e+05
1.237526e+05
1.186562e+05
1.216477e+05
1.762653e+05
1.797526e+05
1.674438e+05
1.685830e+05
1.603063e+05
1.506234e+05
2.373803e+05
2.256237e+05
2.142595e+05
2.147135e+05
2.049255e+05
2.096882e+05
2.897013e+05
2.697016e+05
2.690577e+05
2.553781e+05
2.440542e+05
2.391209e+05
3.605170e+05
3.406724e+05
3.110405e+05
3.033710e+05
2.977100e+05
2.923804e+05
4.213840e+05
4.161414e+05
4.011496e+05
3.728795e+05
3.576505e+05
3.560726e+05
5.135343e+05
4.902555e+05
4.663147e+05
4.417973e+05
4.158318e+05
4.026993e+05
6.023588e+05
5.677926e+05
5.133067e+05
4.984082e+05
4.734008e+05
4.679667e+05
