1.480849e+04
1.509853e+04
1.462614e+04
1.401332e+04
1.414235e+04
1.400033e+04
2.464698e+04
2.287770e+04
2.292110e+04
2.263163e+04
2.155869e+04
2.250735e+04
3.483407e+04
3.455338e+04
3.239528e+04
3.112965e+04
2.980177e+04
3.114676e+04
4.784763e+04
4.541446e+04
4.297395e+04
4.177245e+04
3.927697e+04
3.991326e+04
5.986483e+04
6.133219e+04
5.599874e+04
5.527786e+04
5.370439e+04
5.038363e+04
7.750020e+04
7.598946e+04
6.924304e+04
6.634020e+04
6.406532e+04
6.080248e+04
9.618085e+04
9.078666e+04
8.370037e+04
8.007100e+04
7.738917e+04
7.444531e+04
1.168152e+05
1.073569e+05
1.004702e+05
9.638854e+04
9.230625e+04
8.777978e+04
1.281076e+05
1.237234e+05
1.168752e+05
1.135401e+05
1.065221e+05
1.069808e+05
1.564710e+05
1.417787e+05
1.394000e+05
1.271489e+05
1.239263e+05
1.203495e+05
