5.634069e+04
6.139977e+04
5.790943e+04
5.492436e+04
5.559488e+04
5.227561e+04
9.566228e+04
9.519383e+04
9.042784e+04
8.507609e+04
7.937569e+04
8.430006e+04
1.433855e+05
1.380466e+05
1.257657e+05
1.240275e+05
1.252234e+05
1.148613e+05
1.899134e+05
1.695600e+05
1.746635e+05
1.611513e+05
1.541209e+05
1.500066e+05
2.298376e+05
2.206530e+05
2.148964e+05
2.071092e+05
2.044934e+05
1.989195e+05
3.036924e+05
2.855512e+05
2.601992e+05
2.590017e+05
2.582088e+05
2.425670e+05
3.578663e+05
3.413389e+05
3.204223e+05
3.209163e+05
3.096325e+05
2.929760e+05
4.320087e+05
4.118190e+05
3.844641e+05
3.853948e+05
3.570768e+05
3.508888e+05
5.199285e+05
4.873800e+05
4.508233e+05
4.517170e+05
4.108644e+05
4.205330e+05
6.144709e+05
5.658738e+05
5.373386e+05
5.036505e+05
4.714692e+05
4.565535e+05
