1.970391e+04
1.951295e+04
1.917141e+04
1.868928e+04
1.806220e+04
1.857467e+04
2.579386e+04
2.446794e+04
2.432429e+04
2.383823e+04
2.306512e+04
2.311658e+04
3.167314e+04
3.075950e+04
3.081580e+04
2.930723e+04
2.980329e+04
2.897515e+04
3.945190e+04
3.793437e+04
3.756058e+04
3.561375e+04
3.573249e+04
3.617555e+04
4.616831e+04
4.646329e+04
4.468235e+04
4.339893e+04
4.208541e+04
4.182442e+04
5.559555e+04
5.427449e+04
5.174741e+04
5.002125e+04
4.969639e+04
4.911228e+04
6.541048e+04
6.354995e+04
6.143715e+04
5.917724e+04
5.736843e+04
5.686842e+04
7.439387e+04
7.332920e+04
6.928339e+04
6.725549e+04
6.542143e+04
6.483536e+04
8.629724e+04
8.142997e+04
7.916018e+04
7.554021e+04
7.439117e+04
7.238604e+04
9.818463e+04
9.163931e+04
8.915308e+04
8.532473e+04
8.243786e+04
8.065534e+04
1.075380e+05
1.027960e+05
9.931330e+04
9.521374e+04
9.198406e+04
8.957424e+04
1.181358e+05
1.127609e+05
1.090841e+05
1.054913e+05
1.018260e+05
9.824854e+04
1.323807e+05
1.280750e+05
1.212972e+05
1.167332e+05
1.122830e+05
1.081682e+05
1.471363e+05
1.368902e+05
1.330542e+05
1.260338e+05
1.224623e+05
1.181759e+05
1.598688e+05
1.500332e+05
1.447018e+05
1.371754e+05
1.335942e+05
1.285151e+05
1.757220e+05
1.603533e+05
1.558134e+05
1.500554e+05
1.418141e+05
1.364487e+05
1.902062e+05
1.763477e+05
1.695965e+05
1.601774e+05
1.544195e+05
1.480336e+05
2.059419e+05
1.925232e+05
1.788231e+05
1.728419e+05
1.638958e+05
1.619779e+05
2.231052e+05
2.082184e+05
1.956569e+05
1.820766e+05
1.770815e+05
1.715772e+05
2.373963e+05
2.239166e+05
2.068170e+05
1.965641e+05
1.894040e+05
1.840163e+05
