1.435360e+04
1.492813e+04
1.376399e+04
1.287319e+04
1.372089e+04
1.356295e+04
2.261887e+04
2.111326e+04
2.298481e+04
2.231901e+04
2.172618e+04
2.350949e+04
3.406750e+04
3.354697e+04
3.223547e+04
3.116970e+04
3.054491e+04
3.141447e+04
4.513390e+04
4.457985e+04
4.164429e+04
4.082191e+04
4.051186e+04
4.111290e+04
5.858829e+04
5.772808e+04
5.504433e+04
5.410390e+04
5.325197e+04
5.013621e+04
7.544652e+04
7.205416e+04
6.866463e+04
6.606550e+04
6.375767e+04
6.244481e+04
9.133770e+04
8.595105e+04
8.375636e+04
7.831609e+04
7.669827e+04
7.395500e+04
1.118523e+05
1.061938e+05
9.788329e+04
9.237410e+04
8.753102e+04
8.693426e+04
1.315552e+05
1.206115e+05
1.162635e+05
1.050201e+05
1.015162e+05
1.043190e+05
1.515783e+05
1.455422e+05
1.327164e+05
1.227328e+05
1.198584e+05
1.155528e+05
