1.359076e+04
1.488526e+04
1.390649e+04
1.389923e+04
1.446818e+04
1.342488e+04
2.406120e+04
2.393835e+04
2.332167e+04
2.246903e+04
2.199221e+04
2.113340e+04
3.390992e+04
3.182696e+04
3.343099e+04
3.067548e+04
3.103291e+04
3.056907e+04
4.802822e+04
4.469961e+04
4.422586e+04
4.322031e+04
4.251918e+04
4.191212e+04
6.044832e+04
5.831092e+04
5.428528e+04
5.293175e+04
5.464168e+04
5.008159e+04
7.701524e+04
7.249249e+04
6.881338e+04
6.865964e+04
6.521803e+04
6.345623e+04
9.359665e+04
8.669016e+04
8.619361e+04
8.261833e+04
7.896060e+04
7.724490e+04
1.089206e+05
1.014099e+05
9.995691e+04
9.336516e+04
9.547301e+04
8.925137e+04
1.318415e+05
1.225455e+05
1.193875e+05
1.101908e+05
1.099150e+05
1.040070e+05
1.479047e+05
1.459613e+05
1.343970e+05
1.317650e+05
1.245478e+05
1.168398e+05
