1.954443e+04
1.888842e+04
1.903127e+04
1.896013e+04
1.869188e+04
1.839719e+04
2.523862e+04
2.484990e+04
2.399700e+04
2.388817e+04
2.337965e+04
2.308111e+04
3.201186e+04
3.104921e+04
3.046680e+04
2.941222e+04
2.998740e+04
2.856433e+04
3.963008e+04
3.711533e+04
3.726954e+04
3.586554e+04
3.552237e+04
3.486616e+04
4.668052e+04
4.544166e+04
4.440194e+04
4.329094e+04
4.216270e+04
4.142685e+04
5.497879e+04
5.397515e+04
5.159798e+04
4.964792e+04
4.802337e+04
4.879054e+04
6.442153e+04
6.193487e+04
6.042576e+04
5.751915e+04
5.661459e+04
5.544357e+04
7.594405e+04
7.220538e+04
6.890607e+04
6.599612e+04
6.536820e+04
6.444520e+04
8.577393e+04
8.103283e+04
7.726915e+04
7.479420e+04
7.357986e+04
7.179727e+04
9.613548e+04
8.931718e+04
8.733321e+04
8.457447e+04
8.132556e+04
7.954153e+04
1.075284e+05
1.023528e+05
9.664545e+04
9.287533e+04
9.110819e+04
8.867060e+04
1.186209e+05
1.126453e+05
1.072767e+05
1.042950e+05
1.020806e+05
9.867692e+04
1.334186e+05
1.248972e+05
1.177507e+05
1.149223e+05
1.117488e+05
1.077410e+05
1.457849e+05
1.395253e+05
1.302963e+05
1.255270e+05
1.234365e+05
1.185213e+05
1.635593e+05
1.532738e+05
1.447191e+05
1.375279e+05
1.360878e+05
1.296699e+05
1.775249e+05
1.673587e+05
1.583831e+05
1.512062e+05
1.453339e+05
1.416547e+05
1.919812e+05
1.800178e+05
1.709835e+05
1.624390e+05
1.558715e+05
1.503184e+05
2.060838e+05
1.932885e+05
1.825640e+05
1.718481e+05
1.668277e+05
1.597957e+05
2.224000e+05
2.031601e+05
1.983373e+05
1.830197e+05
1.768972e+05
1.719172e+05
2.391220e+05
2.229684e+05
2.064149e+05
1.970823e+05
1.884413e+05
1.828372e+05
