5.881098e+04
5.634319e+04
5.506829e+04
4.918298e+04
5.585995e+04
5.288646e+04
9.269070e+04
8.717645e+04
9.006942e+04
8.588758e+04
8.383123e+04
8.538094e+04
1.346511e+05
1.269273e+05
1.231508e+05
1.192889e+05
1.228627e+05
1.227375e+05
1.841655e+05
1.793583e+05
1.697145e+05
1.642656e+05
1.566133e+05
1.595478e+05
2.460814e+05
2.336217e+05
2.060643e+05
2.070563e+05
2.037481e+05
1.998070e+05
2.931786e+05
2.903481e+05
2.747726e+05
2.635320e+05
2.619251e+05
2.538560e+05
3.624931e+05
3.362376e+05
3.346469e+05
3.081488e+05
3.190110e+05
2.939081e+05
4.425769e+05
4.155461e+05
3.998233e+05
3.738998e+05
3.688940e+05
3.427792e+05
5.018851e+05
4.834476e+05
4.619699e+05
4.455735e+05
4.345621e+05
4.070892e+05
5.831189e+05
5.584746e+05
5.508256e+05
4.938833e+05
4.736552e+05
4.637533e+05
