6.129990e+04
5.769049e+04
6.043262e+04
5.548003e+04
5.512713e+04
5.252008e+04
9.817801e+04
9.304094e+04
8.867907e+04
8.252439e+04
8.258841e+04
8.068557e+04
1.389711e+05
1.350165e+05
1.254588e+05
1.222848e+05
1.177316e+05
1.150727e+05
1.841284e+05
1.755385e+05
1.703427e+05
1.581466e+05
1.556473e+05
1.544710e+05
2.387124e+05
2.186149e+05
2.173973e+05
2.046057e+05
1.982744e+05
1.973170e+05
2.929875e+05
2.810684e+05
2.665002e+05
2.405137e+05
2.508275e+05
2.385811e+05
3.564249e+05
3.479371e+05
3.263571e+05
3.102447e+05
3.038151e+05
3.059866e+05
4.174668e+05
3.962033e+05
4.013591e+05
3.669903e+05
3.669572e+05
3.582534e+05
5.101511e+05
5.034924e+05
4.525826e+05
4.366758e+05
4.237560e+05
4.208660e+05
6.171514e+05
5.407848e+05
5.200940e+05
4.899577e+05
4.942102e+05
4.631076e+05
