5.933725e+04
5.099149e+04
6.060879e+04
5.427428e+04
5.088317e+04
5.310444e+04
9.597742e+04
8.866555e+04
8.999476e+04
8.578929e+04
8.530936e+04
8.371190e+04
1.403692e+05
1.320534e+05
1.260569e+05
1.222973e+05
1.208964e+05
1.176219e+05
1.767432e+05
1.712276e+05
1.667543e+05
1.628254e+05
1.640174e+05
1.656853e+05
2.283436e+05
2.270437e+05
2.217103e+05
2.211541e+05
2.043416e+05
2.030943e+05
2.831349e+05
2.788014e+05
2.680310e+05
2.678237e+05
2.550626e+05
2.471441e+05
3.731215e+05
3.543276e+05
3.318995e+05
3.397132e+05
3.074385e+05
2.977265e+05
4.120914e+05
4.124827e+05
3.983618e+05
3.911064e+05
3.663806e+05
3.534197e+05
4.896375e+05
4.541349e+05
4.661377e+05
4.305259e+05
4.355714e+05
3.993883e+05
5.991409e+05
5.540758e+05
5.369257e+05
4.978499e+05
4.770976e+05
4.620620e+05
