5.966067e+04
6.004830e+04
5.697058e+04
5.605914e+04
5.458468e+04
5.072818e+04
9.568195e+04
9.872336e+04
8.975349e+04
8.750994e+04
8.588908e+04
7.766045e+04
1.363233e+05
1.257876e+05
1.254229e+05
1.237256e+05
1.181452e+05
1.213921e+05
1.820735e+05
1.721732e+05
1.777679e+05
1.692587e+05
1.534756e+05
1.589995e+05
2.325466e+05
2.228928e+05
2.213984e+05
2.044614e+05
2.085407e+05
2.045793e+05
3.022404e+05
2.754186e+05
2.707277e+05
2.639776e+05
2.490452e+05
2.537278e+05
3.574711e+05
3.349610e+05
3.397216e+05
3.151214e+05
2.950270e+05
2.945684e+05
4.595896e+05
3.980900e+05
3.818400e+05
3.666524e+05
3.524616e+05
3.519177e+05
5.230689e+05
4.912110e+05
4.582082e+05
4.353154e+05
4.006593e+05
3.929908e+05
5.947921e+05
5.485655e+05
5.136252e+05
4.907025e+05
4.848465e+05
4.420889e+05
