1.978089e+04
1.928155e+04
1.870169e+04
1.881723e+04
1.860763e+04
1.792760e+04
2.563727e+04
2.469823e+04
2.419048e+04
2.381343e+04
2.327174e+04
2.344867e+04
3.251464e+04
3.068608e+04
3.002038e+04
2.960024e+04
2.900990e+04
2.859367e+04
3.804776e+04
3.818789e+04
3.666009e+04
3.549769e+04
3.475221e+04
3.546311e+04
4.655296e+04
4.497036e+04
4.440934e+04
4.383738e+04
4.165995e+04
4.211164e+04
5.591060e+04
5.364807e+04
5.267042e+04
5.032703e+04
4.958920e+04
4.903255e+04
6.463358e+04
6.242845e+04
5.995969e+04
5.812994e+04
5.734743e+04
5.659366e+04
7.550085e+04
7.228512e+04
6.858559e+04
6.615268e+04
6.601313e+04
6.446500e+04
8.510660e+04
8.141187e+04
7.634493e+04
7.671108e+04
7.363301e+04
7.338373e+04
9.509397e+04
9.180019e+04
8.806467e+04
8.625090e+04
8.213072e+04
8.115546e+04
1.059172e+05
1.014819e+05
9.665224e+04
9.501611e+04
9.154197e+04
8.881638e+04
1.179925e+05
1.118880e+05
1.071615e+05
1.052813e+05
1.024802e+05
9.796603e+04
1.289517e+05
1.243589e+05
1.201593e+05
1.154311e+05
1.118172e+05
1.063424e+05
1.445099e+05
1.370482e+05
1.320629e+05
1.264414e+05
1.227518e+05
1.186984e+05
1.569018e+05
1.520772e+05
1.448687e+05
1.362781e+05
1.334473e+05
1.279989e+05
1.728417e+05
1.649813e+05
1.573401e+05
1.482113e+05
1.453761e+05
1.363866e+05
1.867235e+05
1.787032e+05
1.727013e+05
1.589436e+05
1.557397e+05
1.500163e+05
2.042242e+05
1.938163e+05
1.829226e+05
1.708321e+05
1.681767e+05
1.616183e+05
2.217763e+05
2.084672e+05
1.957274e+05
1.838728e+05
1.810635e+05
1.713165e+05
2.391398e+05
2.242676e+05
2.105355e+05
1.961338e+05
1.895547e+05
1.823645e+05
