1.519341e+04
1.516394e+04
1.449689e+04
1.376036e+04
1.464859e+04
1.398556e+04
2.563860e+04
2.173020e+04
2.253148e+04
2.284783e+04
2.158541e+04
2.097106e+04
3.409690e+04
3.417038e+04
3.286070e+04
3.031607e+04
2.957120e+04
2.956040e+04
4.618971e+04
4.335470e+04
4.240122e+04
4.096005e+04
4.084228e+04
3.995251e+04
6.213856e+04
5.800368e+04
5.420938e+04
5.481533e+04
5.135358e+04
5.350348e+04
7.447281e+04
7.234420e+04
6.700250e+04
6.825868e+04
6.359749e+04
6.376464e+04
9.594015e+04
8.860365e+04
8.654457e+04
8.195480e+04
7.673525e+04
7.656511e+04
1.130897e+05
1.029569e+05
1.029141e+05
9.823911e+04
9.270311e+04
9.266503e+04
1.324371e+05
1.237584e+05
1.160628e+05
1.120835e+05
1.048156e+05
1.057319e+05
1.479042e+05
1.347282e+05
1.336498e+05
1.245412e+05
1.214550e+05
1.210675e+05
