6.282073e+04
6.123043e+04
5.841906e+04
5.203163e+04
5.380556e+04
5.313175e+04
9.578904e+04
8.783158e+04
9.288497e+04
8.431162e+04
7.772712e+04
8.299112e+04
1.400893e+05
1.315126e+05
1.251145e+05
1.156063e+05
1.156904e+05
1.204826e+05
1.840950e+05
1.744066e+05
1.695033e+05
1.642273e+05
1.593604e+05
1.607580e+05
2.203196e+05
2.216716e+05
2.213282e+05
2.066948e+05
2.011520e+05
2.109657e+05
2.860413e+05
2.863814e+05
2.584372e+05
2.581281e+05
2.573812e+05
2.493931e+05
3.654901e+05
3.388533e+05
3.173494e+05
3.220331e+05
3.126748e+05
3.018747e+05
4.263410e+05
4.118765e+05
3.873679e+05
3.739293e+05
3.615264e+05
3.445959e+05
4.932589e+05
4.803619e+05
4.506806e+05
4.300714e+05
4.280649e+05
4.232310e+05
6.007110e+05
5.758026e+05
5.127361e+05
5.028647e+05
4.937100e+05
4.695405e+05
