5.753027e+04
5.989707e+04
5.525878e+04
5.565520e+04
5.503034e+04
5.201168e+04
9.467923e+04
9.026550e+04
8.835998e+04
8.651456e+04
8.163600e+04
8.690782e+04
1.414261e+05
1.293686e+05
1.284887e+05
1.224642e+05
1.256341e+05
1.218533e+05
1.903987e+05
1.779722e+05
1.739692e+05
1.729177e+05
1.622679e+05
1.610980e+05
2.370170e+05
2.261947e+05
2.210957e+05
2.240126e+05
2.053187e+05
2.027183e+05
2.917246e+05
2.713084e+05
2.713397e+05
2.669290e+05
2.612688e+05
2.444920e+05
3.727036e+05
3.356338e+05
3.420727e+05
3.153738e+05
2.989594e+05
2.852679e+05
4.497201e+05
4.051265e+05
3.774042e+05
3.775337e+05
3.426225e+05
3.524651e+05
5.288275e+05
4.905591e+05
4.477470e+05
4.223148e+05
4.068134e+05
4.073957e+05
6.287748e+05
5.682219e+05
5.104584e+05
5.015309e+05
4.614381e+05
4.629187e+05
