1.939135e+04
1.911444e+04
1.916538e+04
1.914457e+04
1.856304e+04
1.876150e+04
2.559549e+04
2.515611e+04
2.475797e+04
2.459311e+04
2.365379e+04
2.392201e+04
3.172778e+04
3.120791e+04
3.066407e+04
3.038531e+04
2.941857e+04
2.927364e+04
3.924258e+04
3.777595e+04
3.659143e+04
3.613437e+04
3.543881e+04
3.556635e+04
4.721733e+04
4.448963e+04
4.394403e+04
4.408288e+04
4.161478e+04
4.166571e+04
5.548514e+04
5.350095e+04
5.160069e+04
5.044500e+04
4.969898e+04
4.825394e+04
6.309658e+04
6.080209e+04
5.883597e+04
5.967849e+04
5.719098e+04
5.665488e+04
7.280958e+04
7.071319e+04
6.789404e+04
6.676674e+04
6.552065e+04
6.364649e+04
8.334450e+04
8.081091e+04
7.757771e+04
7.670560e+04
7.375947e+04
7.203855e+04
9.460110e+04
9.256149e+04
8.676419e+04
8.579022e+04
8.261407e+04
8.137544e+04
1.053470e+05
1.040914e+05
9.863300e+04
9.351031e+04
9.260067e+04
8.977003e+04
1.194089e+05
1.150559e+05
1.091870e+05
1.048099e+05
1.011208e+05
1.001057e+05
1.317740e+05
1.267025e+05
1.228867e+05
1.154331e+05
1.127837e+05
1.092927e+05
1.440643e+05
1.380008e+05
1.323379e+05
1.248659e+05
1.213358e+05
1.192465e+05
1.607526e+05
1.492241e+05
1.438024e+05
1.386993e+05
1.333147e+05
1.287322e+05
1.729786e+05
1.634323e+05
1.574229e+05
1.503663e+05
1.430883e+05
1.413047e+05
1.883839e+05
1.795525e+05
1.689623e+05
1.615227e+05
1.540728e+05
1.496358e+05
2.035484e+05
1.952015e+05
1.816042e+05
1.743505e+05
1.624518e+05
1.613455e+05
2.208872e+05
2.092117e+05
1.953360e+05
1.842985e+05
1.752570e+05
1.707345e+05
2.376889e+05
2.212992e+05
2.058987e+05
1.975409e+05
1.848978e+05
1.816675e+05
