5.993435e+04
6.114184e+04
6.081670e+04
5.363274e+04
5.602622e+04
5.453095e+04
9.372742e+04
9.196358e+04
8.459072e+04
8.339490e+04
8.512586e+04
8.722299e+04
1.343250e+05
1.292661e+05
1.216199e+05
1.247449e+05
1.140412e+05
1.160714e+05
1.743380e+05
1.773693e+05
1.657399e+05
1.648057e+05
1.566540e+05
1.545528e+05
2.282842e+05
2.193581e+05
2.065668e+05
2.114571e+05
2.087678e+05
2.034727e+05
2.955407e+05
2.876249e+05
2.599021e+05
2.582306e+05
2.536612e+05
2.454388e+05
3.630813e+05
3.474379e+05
3.348499e+05
3.156795e+05
3.052058e+05
2.894225e+05
4.393779e+05
4.016696e+05
3.999245e+05
3.780004e+05
3.668378e+05
3.346749e+05
5.150642e+05
4.879034e+05
4.703680e+05
4.358722e+05
4.135957e+05
3.915099e+05
6.087450e+05
5.722906e+05
5.408831e+05
5.040744e+05
4.893745e+05
4.516515e+05
