5.387307e+04
5.801811e+04
5.452757e+04
5.182994e+04
5.461491e+04
4.977818e+04
9.292003e+04
9.049066e+04
9.082493e+04
8.415377e+04
8.231049e+04
8.153837e+04
1.390756e+05
1.283689e+05
1.299099e+05
1.187141e+05
1.125663e+05
1.177976e+05
1.830682e+05
1.814583e+05
1.711076e+05
1.658678e+05
1.641011e+05
1.579707e+05
2.288791e+05
2.361616e+05
2.266384e+05
2.178915e+05
2.027549e+05
1.997560e+05
2.901189e+05
2.772749e+05
2.701383e+05
2.537771e+05
2.559775e+05
2.490922e+05
3.645938e+05
3.464437e+05
3.223000e+05
3.085545e+05
3.192653e+05
3.001429e+05
4.372392e+05
4.126565e+05
3.857964e+05
3.654326e+05
3.580483e+05
3.669294e+05
5.390218e+05
4.810896e+05
4.331761e+05
4.276350e+05
4.016478e+05
4.082078e+05
6.244389e+05
5.860120e+05
5.290614e+05
5.013541e+05
4.634430e+05
4.811845e+05
