5.668237e+04
5.733516e+04
5.756735e+04
5.466070e+04
5.173128e+04
5.241710e+04
8.591657e+04
8.552599e+04
8.639530e+04
8.633655e+04
8.088387e+04
7.864248e+04
1.354379e+05
1.288520e+05
1.223986e+05
1.216311e+05
1.180521e+05
1.197916e+05
1.829819e+05
1.790035e+05
1.672051e+05
1.576907e+05
1.561864e+05
1.483978e+05
2.451038e+05
2.221573e+05
2.217214e+05
2.064457e+05
1.889103e+05
2.039851e+05
3.088776e+05
2.879078e+05
2.518177e+05
2.597280e+05
2.506348e+05
2.535002e+05
3.758934e+05
3.545695e+05
3.208091e+05
3.121104e+05
3.038356e+05
3.057614e+05
4.393821e+05
4.213249e+05
3.931886e+05
3.669123e+05
3.696708e+05
3.565707e+05
5.045332e+05
4.995147e+05
4.572742e+05
4.225523e+05
4.298731e+05
4.255435e+05
5.934262e+05
5.627558e+05
5.268638e+05
4.935613e+05
4.801278e+05
4.931387e+05
