2.010058e+04
1.944595e+04
1.870121e+04
1.803325e+04
1.853356e+04
1.848800e+04
2.603080e+04
2.530155e+04
2.419042e+04
2.344353e+04
2.392725e+04
2.346483e+04
3.270288e+04
3.166058e+04
3.008183e+04
2.921941e+04
2.865373e+04
2.867772e+04
3.936693e+04
3.823792e+04
3.686073e+04
3.545440e+04
3.548131e+04
3.548567e+04
4.753966e+04
4.532056e+04
4.401723e+04
4.397925e+04
4.214008e+04
4.225014e+04
5.605383e+04
5.345825e+04
5.141582e+04
5.037950e+04
4.991111e+04
4.885121e+04
6.479359e+04
6.201268e+04
5.963550e+04
5.868430e+04
5.608959e+04
5.617330e+04
7.377361e+04
7.231113e+04
6.849299e+04
6.693285e+04
6.502927e+04
6.476996e+04
8.467191e+04
8.354548e+04
7.848654e+04
7.641728e+04
7.329060e+04
7.182726e+04
9.495105e+04
9.253482e+04
8.826254e+04
8.745886e+04
8.244437e+04
8.030508e+04
1.084818e+05
1.033790e+05
9.757742e+04
9.518314e+04
9.240024e+04
8.927562e+04
1.202584e+05
1.160752e+05
1.088354e+05
1.064043e+05
1.023239e+05
9.876922e+04
1.343589e+05
1.273522e+05
1.190785e+05
1.167273e+05
1.139160e+05
1.090274e+05
1.473147e+05
1.383201e+05
1.313757e+05
1.271081e+05
1.237655e+05
1.187010e+05
1.616138e+05
1.517493e+05
1.445167e+05
1.379474e+05
1.341088e+05
1.282392e+05
1.730445e+05
1.635773e+05
1.554309e+05
1.493823e+05
1.451472e+05
1.393864e+05
1.906667e+05
1.781261e+05
1.684850e+05
1.635262e+05
1.564710e+05
1.501358e+05
2.003997e+05
1.947318e+05
1.832548e+05
1.738927e+05
1.671162e+05
1.607207e+05
2.190631e+05
2.071465e+05
1.965742e+05
1.843698e+05
1.795276e+05
1.733216e+05
2.372851e+05
2.225729e+05
2.090033e+05
1.974737e+05
1.913491e+05
1.844849e+05
