5.711540e+04
5.735792e+04
5.625121e+04
5.622547e+04
5.474522e+04
5.255322e+04
9.266932e+04
8.926439e+04
8.701299e+04
9.124389e+04
8.257281e+04
8.134842e+04
1.330064e+05
1.309857e+05
1.303822e+05
1.238898e+05
1.169642e+05
1.193182e+05
1.900011e+05
1.763901e+05
1.722848e+05
1.649139e+05
1.655099e+05
1.628984e+05
2.333448e+05
2.312588e+05
2.165664e+05
2.081425e+05
2.095951e+05
1.989378e+05
2.906204e+05
2.851778e+05
2.625053e+05
2.650505e+05
2.572858e+05
2.411862e+05
3.495532e+05
3.520370e+05
3.280162e+05
3.182096e+05
3.016488e+05
2.920415e+05
4.417588e+05
4.084283e+05
3.828801e+05
3.798463e+05
3.635245e+05
3.345589e+05
5.239786e+05
4.768290e+05
4.643049e+05
4.357443e+05
4.228291e+05
3.927386e+05
6.265563e+05
5.712086e+05
5.367896e+05
5.021729e+05
4.878083e+05
4.407209e+05
