5.899409e+04
5.927549e+04
5.574080e+04
5.890529e+04
5.220342e+04
5.131350e+04
9.208795e+04
9.387186e+04
8.954782e+04
8.675785e+04
8.330694e+04
7.993453e+04
1.353619e+05
1.320458e+05
1.305753e+05
1.291667e+05
1.158591e+05
1.165697e+05
1.792365e+05
1.741584e+05
1.672601e+05
1.622052e+05
1.528947e+05
1.490415e+05
2.323479e+05
2.204448e+05
2.162310e+05
2.132000e+05
2.001944e+05
2.060218e+05
2.906616e+05
2.820756e+05
2.658017e+05
2.562492e+05
2.443939e+05
2.489865e+05
3.781332e+05
3.453760e+05
3.284215e+05
3.054458e+05
2.989586e+05
2.886519e+05
4.379406e+05
4.202786e+05
3.878930e+05
3.715971e+05
3.542560e+05
3.520772e+05
5.283605e+05
4.799533e+05
4.578210e+05
4.198568e+05
3.999655e+05
3.987853e+05
6.114918e+05
5.717209e+05
5.345960e+05
4.790964e+05
4.693088e+05
4.670664e+05
