5.604310e+04
6.090496e+04
5.416945e+04
5.368609e+04
5.309583e+04
5.539929e+04
9.830530e+04
8.941335e+04
8.987610e+04
9.056641e+04
8.606234e+04
8.421936e+04
1.374624e+05
1.375450e+05
1.254223e+05
1.221684e+05
1.175898e+05
1.201601e+05
1.797549e+05
1.691850e+05
1.641606e+05
1.629822e+05
1.562041e+05
1.578879e+05
2.423367e+05
2.304646e+05
2.155719e+05
2.060721e+05
2.095196e+05
2.045097e+05
3.038581e+05
2.780469e+05
2.711624e+05
2.603325e+05
2.448011e+05
2.407767e+05
3.774414e+05
3.400411e+05
3.311796e+05
3.137998e+05
2.970071e+05
2.843155e+05
4.399751e+05
3.928094e+05
3.878058e+05
3.731223e+05
3.591220e+05
3.528277e+05
5.220338e+05
4.681936e+05
4.589492e+05
4.452507e+05
4.173577e+05
3.934037e+05
6.367432e+05
5.409045e+05
5.312027e+05
5.078955e+05
4.725839e+05
4.511904e+05
