6.084467e+04
5.681467e+04
5.458604e+04
5.494676e+04
5.470822e+04
5.419034e+04
9.316410e+04
8.768894e+04
9.215208e+04
8.939496e+04
8.253953e+04
8.848211e+04
1.337401e+05
1.315105e+05
1.219479e+05
1.161542e+05
1.204847e+05
1.226397e+05
1.777224e+05
1.703456e+05
1.681341e+05
1.651266e+05
1.558415e+05
1.575973e+05
2.312877e+05
2.203244e+05
2.089510e+05
2.095939e+05
2.104916e+05
2.115143e+05
2.997157e+05
2.812459e+05
2.661615e+05
2.635546e+05
2.509600e+05
2.517345e+05
3.685012e+05
3.442310e+05
3.341732e+05
3.163680e+05
2.951706e+05
3.042706e+05
4.333610e+05
4.035144e+05
3.814307e+05
3.889723e+05
3.511331e+05
3.477033e+05
5.348198e+05
4.918790e+05
4.468066e+05
4.288617e+05
4.128024e+05
4.024931e+05
6.016083e+05
5.469082e+05
5.269867e+05
5.025403e+05
4.716357e+05
4.716133e+05
