1.986665e+04
1.944578e+04
1.904168e+04
1.876581e+04
1.867973e+04
1.795793e+04
2.595352e+04
2.508617e+04
2.453574e+04
2.349629e+04
2.378248e+04
2.320306e+04
3.234298e+04
3.139709e+04
3.068268e+04
3.018502e+04
2.982554e+04
2.958690e+04
3.838319e+04
3.744044e+04
3.716175e+04
3.613031e+04
3.566487e+04
3.547938e+04
4.541421e+04
4.563537e+04
4.445159e+04
4.419047e+04
4.241088e+04
4.159730e+04
5.309925e+04
5.331066e+04
5.253880e+04
4.953940e+04
4.949013e+04
4.954454e+04
6.402664e+04
6.177113e+04
6.011061e+04
5.764752e+04
5.774930e+04
5.674659e+04
7.485824e+04
7.101741e+04
6.848710e+04
6.703678e+04
6.434979e+04
6.432477e+04
8.527631e+04
8.173365e+04
7.714697e+04
7.558072e+04
7.353357e+04
7.138784e+04
9.564888e+04
9.140113e+04
8.837486e+04
8.500271e+04
8.269128e+04
8.021878e+04
1.093852e+05
1.038401e+05
9.845317e+04
9.531362e+04
9.078639e+04
8.909766e+04
1.193534e+05
1.135743e+05
1.093210e+05
1.056474e+05
1.001168e+05
9.741532e+04
1.315472e+05
1.263324e+05
1.201803e+05
1.149886e+05
1.118303e+05
1.070123e+05
1.440116e+05
1.379151e+05
1.322495e+05
1.260436e+05
1.199405e+05
1.166614e+05
1.581003e+05
1.499321e+05
1.417526e+05
1.366949e+05
1.317920e+05
1.283278e+05
1.723344e+05
1.634177e+05
1.564679e+05
1.480630e+05
1.415518e+05
1.402037e+05
1.897266e+05
1.766106e+05
1.693267e+05
1.575103e+05
1.524269e+05
1.513393e+05
2.030664e+05
1.941473e+05
1.818030e+05
1.701322e+05
1.645219e+05
1.604831e+05
2.206741e+05
2.068883e+05
1.965547e+05
1.838607e+05
1.754715e+05
1.732379e+05
2.397050e+05
2.225545e+05
2.116251e+05
1.975265e+05
1.870605e+05
1.830505e+05
