5.974720e+04
5.682617e+04
5.494573e+04
5.402887e+04
5.269439e+04
5.425092e+04
9.771514e+04
9.049787e+04
9.028031e+04
8.891122e+04
8.817891e+04
8.547018e+04
1.312975e+05
1.275298e+05
1.306959e+05
1.211855e+05
1.194008e+05
1.175543e+05
1.793882e+05
1.715016e+05
1.664167e+05
1.756880e+05
1.695166e+05
1.561353e+05
2.344622e+05
2.146566e+05
2.116514e+05
2.184008e+05
2.037717e+05
2.017581e+05
2.905853e+05
2.908063e+05
2.721614e+05
2.638443e+05
2.596214e+05
2.429710e+05
3.468615e+05
3.574183e+05
3.247686e+05
3.161823e+05
3.133612e+05
2.972313e+05
4.305956e+05
4.107072e+05
3.992727e+05
3.654270e+05
3.610877e+05
3.594201e+05
5.160415e+05
4.837754e+05
4.508882e+05
4.221208e+05
4.056584e+05
4.193279e+05
6.043586e+05
5.757048e+05
5.503622e+05
5.055475e+05
4.865373e+05
4.717452e+05
