1.953783e+04
1.949188e+04
1.906218e+04
1.835714e+04
1.848120e+04
1.770805e+04
2.628920e+04
2.473926e+04
2.447335e+04
2.468285e+04
2.379300e+04
2.233816e+04
3.268926e+04
3.181526e+04
3.138490e+04
3.034106e+04
2.901672e+04
2.897175e+04
4.028820e+04
3.861512e+04
3.787514e+04
3.619142e+04
3.593649e+04
3.535109e+04
4.814262e+04
4.681227e+04
4.517264e+04
4.399566e+04
4.293758e+04
4.221656e+04
5.736124e+04
5.530907e+04
5.146864e+04
5.114455e+04
5.009813e+04
4.848072e+04
6.638132e+04
6.345914e+04
6.037488e+04
5.853247e+04
5.686740e+04
5.519249e+04
7.388368e+04
7.275268e+04
6.775699e+04
6.712967e+04
6.496704e+04
6.288073e+04
8.619263e+04
8.037083e+04
7.771862e+04
7.729740e+04
7.500448e+04
7.122823e+04
9.504262e+04
9.108257e+04
8.700879e+04
8.588786e+04
8.280861e+04
8.048717e+04
1.069456e+05
1.028665e+05
9.807983e+04
9.639430e+04
9.237802e+04
8.946832e+04
1.209109e+05
1.132349e+05
1.071633e+05
1.057911e+05
9.942468e+04
1.002034e+05
1.338626e+05
1.248244e+05
1.181318e+05
1.147034e+05
1.100372e+05
1.080936e+05
1.442483e+05
1.367791e+05
1.303078e+05
1.271050e+05
1.199425e+05
1.162553e+05
1.591110e+05
1.491489e+05
1.432116e+05
1.363170e+05
1.314634e+05
1.263521e+05
1.737041e+05
1.637150e+05
1.550320e+05
1.472040e+05
1.433987e+05
1.369430e+05
1.874248e+05
1.768201e+05
1.680337e+05
1.605951e+05
1.548503e+05
1.475221e+05
2.056355e+05
1.932698e+05
1.806319e+05
1.735322e+05
1.668307e+05
1.603507e+05
2.222244e+05
2.062884e+05
1.961760e+05
1.844879e+05
1.774782e+05
1.738535e+05
2.373363e+05
2.232673e+05
2.133612e+05
1.978768e+05
1.898037e+05
1.866638e+05
