2.024619e+04
1.986174e+04
1.944535e+04
1.836701e+04
1.825608e+04
1.825353e+04
2.610761e+04
2.483573e+04
2.461062e+04
2.367577e+04
2.380907e+04
2.369820e+04
3.224371e+04
3.087440e+04
3.054976e+04
2.961812e+04
2.940507e+04
2.883531e+04
3.901379e+04
3.802302e+04
3.677353e+04
3.606994e+04
3.576763e+04
3.498760e+04
4.637423e+04
4.525459e+04
4.419935e+04
4.308373e+04
4.231822e+04
4.197566e+04
5.386355e+04
5.285031e+04
5.128717e+04
5.079742e+04
5.064664e+04
4.806896e+04
6.556992e+04
6.206179e+04
5.980718e+04
5.942412e+04
5.789849e+04
5.494764e+04
7.486371e+04
7.105325e+04
6.879725e+04
6.657778e+04
6.593374e+04
6.399351e+04
8.419378e+04
8.202051e+04
7.890383e+04
7.499307e+04
7.378629e+04
7.354358e+04
9.610893e+04
9.314599e+04
8.857544e+04
8.512686e+04
8.186763e+04
8.143467e+04
1.061879e+05
1.015616e+05
9.948693e+04
9.530298e+04
9.134313e+04
8.944343e+04
1.210526e+05
1.145305e+05
1.095587e+05
1.038795e+05
1.005886e+05
9.892683e+04
1.345092e+05
1.267240e+05
1.199801e+05
1.145934e+05
1.131089e+05
1.081477e+05
1.461533e+05
1.378965e+05
1.329047e+05
1.245528e+05
1.229295e+05
1.181156e+05
1.602678e+05
1.504661e+05
1.441253e+05
1.375414e+05
1.330764e+05
1.298689e+05
1.748530e+05
1.641078e+05
1.561934e+05
1.519314e+05
1.447858e+05
1.387360e+05
1.924986e+05
1.778762e+05
1.683398e+05
1.612687e+05
1.525997e+05
1.499817e+05
2.056046e+05
1.925253e+05
1.812598e+05
1.698138e+05
1.658397e+05
1.598347e+05
2.229440e+05
2.058679e+05
1.938566e+05
1.847471e+05
1.763257e+05
1.715290e+05
2.393165e+05
2.222590e+05
2.047790e+05
1.979640e+05
1.878687e+05
1.828025e+05
