5.676808e+04
5.706545e+04
5.306407e+04
5.564084e+04
5.346230e+04
5.114367e+04
9.722263e+04
8.934240e+04
8.494740e+04
8.713142e+04
7.992974e+04
8.502376e+04
1.331332e+05
1.241270e+05
1.229224e+05
1.219807e+05
1.198497e+05
1.191007e+05
1.910366e+05
1.701068e+05
1.657556e+05
1.583531e+05
1.587284e+05
1.574630e+05
2.404871e+05
2.205484e+05
2.209549e+05
2.110514e+05
1.984948e+05
2.055059e+05
2.829832e+05
2.871686e+05
2.693564e+05
2.567691e+05
2.484230e+05
2.421072e+05
3.775659e+05
3.422404e+05
3.332597e+05
3.074728e+05
2.978196e+05
2.855319e+05
4.460346e+05
4.128249e+05
3.788306e+05
3.687485e+05
3.560122e+05
3.356678e+05
5.271931e+05
4.766058e+05
4.557260e+05
4.235333e+05
4.086941e+05
4.097357e+05
6.241478e+05
5.654771e+05
5.233770e+05
4.917563e+05
4.678390e+05
4.653346e+05
