5.541233e+04
5.804340e+04
5.114303e+04
5.900721e+04
5.423113e+04
5.276601e+04
8.775646e+04
8.730918e+04
8.772024e+04
8.470933e+04
8.239640e+04
8.439185e+04
1.348234e+05
1.347542e+05
1.246207e+05
1.226150e+05
1.192234e+05
1.252269e+05
1.814006e+05
1.718978e+05
1.737261e+05
1.635380e+05
1.632488e+05
1.532230e+05
2.393145e+05
2.315724e+05
2.130952e+05
2.076831e+05
2.047552e+05
1.976462e+05
3.104030e+05
2.923138e+05
2.648219e+05
2.645295e+05
2.468696e+05
2.420250e+05
3.706488e+05
3.569822e+05
3.275197e+05
3.059478e+05
2.958794e+05
2.923651e+05
4.342990e+05
4.159793e+05
3.960918e+05
3.714591e+05
3.490298e+05
3.530659e+05
4.899647e+05
4.714273e+05
4.468230e+05
4.338048e+05
4.138724e+05
4.183128e+05
6.137986e+05
5.733674e+05
5.310761e+05
4.880506e+05
4.745698e+05
4.674441e+05
