5.999927e+04
5.831165e+04
5.423849e+04
5.963992e+04
4.927682e+04
4.722937e+04
9.190903e+04
9.528791e+04
8.166341e+04
8.715465e+04
8.124926e+04
8.289810e+04
1.375995e+05
1.313616e+05
1.241026e+05
1.184903e+05
1.176353e+05
1.215691e+05
1.875027e+05
1.768682e+05
1.645826e+05
1.661265e+05
1.594159e+05
1.571082e+05
2.382959e+05
2.311336e+05
2.163793e+05
2.143175e+05
2.082889e+05
2.043703e+05
2.988912e+05
2.736004e+05
2.709339e+05
2.597479e+05
2.480702e+05
2.529612e+05
3.764997e+05
3.370097e+05
3.369357e+05
3.113084e+05
2.983726e+05
3.038364e+05
4.427819e+05
3.905579e+05
3.866745e+05
3.713722e+05
3.626623e+05
3.580737e+05
5.217463e+05
4.854555e+05
4.555366e+05
4.294868e+05
4.025276e+05
4.236981e+05
6.050552e+05
5.731569e+05
5.174102e+05
4.818578e+05
4.736077e+05
4.619745e+05
