1.975519e+04
1.944728e+04
1.948183e+04
1.819547e+04
1.855355e+04
1.825681e+04
2.636002e+04
2.489460e+04
2.452947e+04
2.411094e+04
2.378382e+04
2.367260e+04
3.230186e+04
3.123523e+04
3.059137e+04
2.952154e+04
2.883850e+04
2.934888e+04
3.932236e+04
3.740986e+04
3.665157e+04
3.559872e+04
3.531757e+04
3.511986e+04
4.573673e+04
4.455903e+04
4.360652e+04
4.305043e+04
4.171605e+04
4.263285e+04
5.380967e+04
5.321031e+04
5.207867e+04
4.980321e+04
4.897249e+04
4.925595e+04
6.285601e+04
5.978239e+04
6.004868e+04
5.810993e+04
5.671193e+04
5.608104e+04
7.191423e+04
7.086181e+04
6.950208e+04
6.732096e+04
6.515914e+04
6.324793e+04
8.437866e+04
8.152634e+04
7.741872e+04
7.798523e+04
7.324504e+04
7.092622e+04
9.708924e+04
9.096132e+04
8.642159e+04
8.539167e+04
8.242082e+04
8.193667e+04
1.101679e+05
1.016615e+05
9.830383e+04
9.621557e+04
9.156788e+04
9.121154e+04
1.201134e+05
1.132803e+05
1.099923e+05
1.078418e+05
1.003311e+05
1.009797e+05
1.315419e+05
1.248663e+05
1.207375e+05
1.149073e+05
1.113181e+05
1.103140e+05
1.454423e+05
1.361747e+05
1.326649e+05
1.288860e+05
1.237536e+05
1.200717e+05
1.578184e+05
1.518027e+05
1.461470e+05
1.397947e+05
1.324644e+05
1.317732e+05
1.749271e+05
1.639598e+05
1.560314e+05
1.478622e+05
1.447768e+05
1.401574e+05
1.904792e+05
1.777606e+05
1.692217e+05
1.597746e+05
1.533332e+05
1.503638e+05
2.065300e+05
1.896155e+05
1.812443e+05
1.714067e+05
1.671555e+05
1.626180e+05
2.207262e+05
2.050827e+05
1.962542e+05
1.859509e+05
1.795759e+05
1.730100e+05
2.369715e+05
2.185417e+05
2.092067e+05
1.987384e+05
1.900755e+05
1.864338e+05
