1.962854e+04
1.971119e+04
1.867860e+04
1.894939e+04
1.824874e+04
1.798208e+04
2.585825e+04
2.490901e+04
2.473225e+04
2.396234e+04
2.355496e+04
2.300199e+04
3.223247e+04
3.225788e+04
3.066828e+04
2.950270e+04
2.863114e+04
2.817602e+04
3.933219e+04
3.746091e+04
3.718020e+04
3.622412e+04
3.502942e+04
3.486280e+04
4.744066e+04
4.539831e+04
4.331159e+04
4.333536e+04
4.221902e+04
4.137876e+04
5.499070e+04
5.257139e+04
5.060415e+04
5.098697e+04
4.964244e+04
4.967392e+04
6.381781e+04
6.175499e+04
5.926545e+04
5.830595e+04
5.666919e+04
5.561455e+04
7.433899e+04
6.977595e+04
6.896321e+04
6.723220e+04
6.467058e+04
6.484487e+04
8.318235e+04
8.262122e+04
7.832414e+04
7.541115e+04
7.428054e+04
7.275011e+04
9.437922e+04
9.145310e+04
8.795837e+04
8.508491e+04
8.251488e+04
8.163419e+04
1.043819e+05
1.027948e+05
9.832805e+04
9.389021e+04
9.223796e+04
9.099095e+04
1.191003e+05
1.141527e+05
1.076129e+05
1.046229e+05
1.021636e+05
9.970928e+04
1.323347e+05
1.268942e+05
1.201906e+05
1.126929e+05
1.121009e+05
1.092568e+05
1.469379e+05
1.393436e+05
1.320170e+05
1.234749e+05
1.220629e+05
1.200537e+05
1.587378e+05
1.525088e+05
1.428330e+05
1.364359e+05
1.331050e+05
1.301366e+05
1.748511e+05
1.654119e+05
1.565969e+05
1.488396e+05
1.400382e+05
1.411929e+05
1.915604e+05
1.775502e+05
1.712835e+05
1.630330e+05
1.535424e+05
1.521110e+05
2.060572e+05
1.944285e+05
1.811856e+05
1.736643e+05
1.639939e+05
1.649780e+05
2.224453e+05
2.076620e+05
1.948444e+05
1.851111e+05
1.746987e+05
1.770851e+05
2.388187e+05
2.228562e+05
2.078302e+05
1.970430e+05
1.880868e+05
1.847326e+05
