5.589777e+04
6.028303e+04
5.195423e+04
5.457950e+04
5.201851e+04
5.198920e+04
9.274997e+04
8.602229e+04
8.662108e+04
8.340930e+04
8.053991e+04
8.795886e+04
1.341626e+05
1.305830e+05
1.289473e+05
1.214659e+05
1.232103e+05
1.233271e+05
1.800874e+05
1.736637e+05
1.709107e+05
1.597580e+05
1.601631e+05
1.604175e+05
2.343715e+05
2.179261e+05
2.114440e+05
2.075354e+05
2.087500e+05
2.081539e+05
2.827788e+05
2.689927e+05
2.713856e+05
2.509859e+05
2.508873e+05
2.553792e+05
3.660332e+05
3.265139e+05
3.290494e+05
3.228718e+05
3.078785e+05
3.138896e+05
4.386140e+05
4.163974e+05
3.889871e+05
3.671908e+05
3.544921e+05
3.671509e+05
5.226965e+05
4.837478e+05
4.439279e+05
4.358567e+05
4.025394e+05
4.207807e+05
6.225854e+05
5.834284e+05
5.269901e+05
5.128752e+05
4.700576e+05
4.534804e+05
