1.989711e+04
1.975225e+04
1.914992e+04
1.882516e+04
1.824550e+04
1.828265e+04
2.632639e+04
2.518691e+04
2.416993e+04
2.416578e+04
2.413467e+04
2.362563e+04
3.277702e+04
3.103504e+04
3.000758e+04
2.953240e+04
2.906003e+04
2.886064e+04
4.007045e+04
3.818858e+04
3.728699e+04
3.628468e+04
3.568929e+04
3.542293e+04
4.729521e+04
4.665891e+04
4.383195e+04
4.245350e+04
4.248642e+04
4.220174e+04
5.678096e+04
5.370745e+04
5.132311e+04
5.037493e+04
4.897667e+04
4.850271e+04
6.492037e+04
6.280171e+04
6.037757e+04
5.803518e+04
5.715679e+04
5.718909e+04
7.559810e+04
7.088657e+04
6.841148e+04
6.605849e+04
6.614785e+04
6.387044e+04
8.520970e+04
8.180341e+04
7.970921e+04
7.559669e+04
7.444682e+04
7.248891e+04
9.675506e+04
9.136813e+04
8.836170e+04
8.652089e+04
8.353471e+04
8.130819e+04
1.081787e+05
1.025435e+05
9.961692e+04
9.460566e+04
9.294098e+04
9.071990e+04
1.201193e+05
1.140971e+05
1.097001e+05
1.036060e+05
1.016270e+05
9.999799e+04
1.330524e+05
1.252681e+05
1.218991e+05
1.174116e+05
1.137947e+05
1.088311e+05
1.425728e+05
1.392533e+05
1.327030e+05
1.263425e+05
1.213590e+05
1.199234e+05
1.595632e+05
1.496240e+05
1.458182e+05
1.373981e+05
1.332581e+05
1.304330e+05
1.735991e+05
1.643472e+05
1.539385e+05
1.501831e+05
1.434054e+05
1.417714e+05
1.861709e+05
1.780136e+05
1.685669e+05
1.618764e+05
1.547580e+05
1.541683e+05
2.042627e+05
1.902554e+05
1.814065e+05
1.723729e+05
1.630797e+05
1.615989e+05
2.205306e+05
2.055910e+05
1.957565e+05
1.848128e+05
1.763512e+05
1.734507e+05
2.405904e+05
2.245838e+05
2.089088e+05
1.960437e+05
1.885318e+05
1.818406e+05
