6.018044e+04
5.778190e+04
5.524730e+04
5.060159e+04
5.325823e+04
5.256030e+04
9.358814e+04
8.919222e+04
8.776970e+04
8.137077e+04
8.388870e+04
8.575086e+04
1.355590e+05
1.381535e+05
1.295015e+05
1.209665e+05
1.168811e+05
1.173593e+05
1.794174e+05
1.737754e+05
1.693123e+05
1.631068e+05
1.588037e+05
1.533514e+05
2.440672e+05
2.267519e+05
2.143336e+05
2.107621e+05
2.024179e+05
1.943957e+05
3.005545e+05
2.858674e+05
2.681694e+05
2.593514e+05
2.491280e+05
2.398283e+05
3.707087e+05
3.500403e+05
3.352259e+05
3.239958e+05
3.101591e+05
2.879617e+05
4.138136e+05
4.162704e+05
3.956709e+05
3.863889e+05
3.718874e+05
3.553503e+05
5.100695e+05
4.794857e+05
4.649193e+05
4.487296e+05
4.271570e+05
4.133758e+05
6.010561e+05
5.748763e+05
5.221553e+05
5.159012e+05
4.878189e+05
4.656268e+05
