1.996919e+04
1.945128e+04
1.933871e+04
1.894983e+04
1.840078e+04
1.851212e+04
2.586429e+04
2.477510e+04
2.445067e+04
2.449409e+04
2.316537e+04
2.295861e+04
3.229707e+04
3.110055e+04
3.021304e+04
2.981068e+04
2.924839e+04
2.879724e+04
3.926043e+04
3.820209e+04
3.713690e+04
3.581111e+04
3.585900e+04
3.370155e+04
4.668266e+04
4.587678e+04
4.425151e+04
4.212426e+04
4.144375e+04
4.082674e+04
5.527106e+04
5.288719e+04
5.130823e+04
4.963060e+04
4.998155e+04
4.813928e+04
6.481176e+04
6.217595e+04
5.962505e+04
5.777792e+04
5.736065e+04
5.535406e+04
7.453752e+04
7.197287e+04
6.964175e+04
6.628525e+04
6.499141e+04
6.349281e+04
8.415658e+04
8.042507e+04
7.840639e+04
7.639994e+04
7.363236e+04
7.267390e+04
9.416049e+04
9.173953e+04
8.832533e+04
8.533098e+04
8.227041e+04
8.026248e+04
1.057127e+05
1.023770e+05
9.922184e+04
9.533746e+04
9.024603e+04
8.914945e+04
1.193698e+05
1.130672e+05
1.085967e+05
1.039253e+05
1.000803e+05
9.744481e+04
1.317873e+05
1.261872e+05
1.207850e+05
1.151854e+05
1.103130e+05
1.097310e+05
1.475730e+05
1.376739e+05
1.307670e+05
1.259862e+05
1.207877e+05
1.194960e+05
1.623585e+05
1.486563e+05
1.432712e+05
1.366714e+05
1.352345e+05
1.288644e+05
1.748634e+05
1.640180e+05
1.559834e+05
1.477219e+05
1.425164e+05
1.402375e+05
1.875782e+05
1.771322e+05
1.685466e+05
1.599966e+05
1.562004e+05
1.496243e+05
2.064393e+05
1.901696e+05
1.819048e+05
1.740440e+05
1.680763e+05
1.590658e+05
2.236468e+05
2.082629e+05
1.969438e+05
1.865132e+05
1.780913e+05
1.709116e+05
2.383972e+05
2.230132e+05
2.106223e+05
1.990986e+05
1.915557e+05
1.813685e+05
