1.986026e+04
1.897653e+04
1.876908e+04
1.867512e+04
1.853416e+04
1.832062e+04
2.531577e+04
2.440956e+04
2.449456e+04
2.444093e+04
2.403792e+04
2.356614e+04
3.178345e+04
3.054332e+04
2.996543e+04
2.990613e+04
2.971452e+04
2.932037e+04
3.886319e+04
3.774940e+04
3.667851e+04
3.618403e+04
3.580258e+04
3.512861e+04
4.664360e+04
4.522659e+04
4.353303e+04
4.203477e+04
4.183054e+04
4.091211e+04
5.701126e+04
5.331788e+04
5.078103e+04
5.015276e+04
4.925903e+04
4.824934e+04
6.526145e+04
6.182337e+04
5.997095e+04
5.850304e+04
5.653149e+04
5.550911e+04
7.451345e+04
7.146511e+04
6.830367e+04
6.821419e+04
6.476132e+04
6.330910e+04
8.481513e+04
8.080901e+04
7.814004e+04
7.645184e+04
7.414999e+04
7.220547e+04
9.811492e+04
9.183861e+04
8.882199e+04
8.644020e+04
8.269865e+04
7.961655e+04
1.080252e+05
1.034607e+05
1.008689e+05
9.616842e+04
9.204208e+04
8.717805e+04
1.242252e+05
1.150747e+05
1.098649e+05
1.053820e+05
1.005167e+05
9.723072e+04
1.364899e+05
1.246046e+05
1.200976e+05
1.139521e+05
1.126304e+05
1.072906e+05
1.477043e+05
1.381551e+05
1.317980e+05
1.261497e+05
1.213547e+05
1.167100e+05
1.636237e+05
1.500610e+05
1.442325e+05
1.391057e+05
1.334615e+05
1.280593e+05
1.752480e+05
1.594641e+05
1.572537e+05
1.492752e+05
1.437649e+05
1.395472e+05
1.905311e+05
1.794204e+05
1.710561e+05
1.624977e+05
1.550550e+05
1.483388e+05
2.023805e+05
1.930668e+05
1.836082e+05
1.726620e+05
1.651993e+05
1.582565e+05
2.217943e+05
2.070448e+05
2.003886e+05
1.856270e+05
1.768579e+05
1.717635e+05
2.383616e+05
2.225642e+05
2.110609e+05
1.986934e+05
1.909102e+05
1.829861e+05
