5.618816e+04
5.808458e+04
5.790037e+04
5.926642e+04
5.609713e+04
5.074623e+04
9.089090e+04
9.382647e+04
9.041897e+04
8.317255e+04
8.112328e+04
8.401491e+04
1.317929e+05
1.314003e+05
1.300633e+05
1.235231e+05
1.177900e+05
1.143161e+05
1.827191e+05
1.717125e+05
1.652276e+05
1.663122e+05
1.509545e+05
1.548439e+05
2.320422e+05
2.258336e+05
2.236771e+05
2.030545e+05
2.022569e+05
1.986469e+05
2.905217e+05
2.831714e+05
2.701582e+05
2.580509e+05
2.503568e+05
2.497083e+05
3.795999e+05
3.588951e+05
3.377746e+05
3.049361e+05
3.052227e+05
2.918813e+05
4.320019e+05
4.182174e+05
4.087245e+05
3.692155e+05
3.701227e+05
3.523846e+05
4.944885e+05
4.728932e+05
4.594458e+05
4.289826e+05
4.263973e+05
3.956360e+05
5.957703e+05
5.581321e+05
5.281159e+05
4.919636e+05
4.736906e+05
4.652166e+05
