1.618303e+04
1.419103e+04
1.473087e+04
1.347314e+04
1.407923e+04
1.342326e+04
2.402040e+04
2.126252e+04
2.336107e+04
2.221703e+04
2.191673e+04
2.129371e+04
3.423976e+04
3.244993e+04
3.067537e+04
3.120550e+04
3.101600e+04
2.916883e+04
4.647685e+04
4.547176e+04
4.421163e+04
4.169863e+04
4.162031e+04
3.909873e+04
6.134511e+04
5.775942e+04
5.859832e+04
5.526834e+04
5.270974e+04
4.895447e+04
7.282303e+04
6.993331e+04
6.741281e+04
6.905326e+04
6.541186e+04
6.097691e+04
9.542341e+04
8.697104e+04
8.344225e+04
8.144201e+04
7.726571e+04
7.385971e+04
1.093575e+05
9.967942e+04
9.725236e+04
9.676626e+04
9.332911e+04
9.106676e+04
1.319321e+05
1.199218e+05
1.107746e+05
1.091837e+05
1.096573e+05
1.046805e+05
1.537551e+05
1.393812e+05
1.259743e+05
1.233275e+05
1.213715e+05
1.234745e+05
