9.328773e-10
9.299857e-10
8.881860e-10
8.692083e-10
8.336629e-10
8.076476e-10
5.717216e-10
5.671328e-10
5.473823e-10
5.321061e-10
5.196071e-10
4.956270e-10
3.970462e-10
3.880882e-10
3.712881e-10
3.639759e-10
3.491591e-10
3.338666e-10
2.916315e-10
2.820984e-10
2.704174e-10
2.625346e-10
2.498763e-10
2.375934e-10
2.208943e-10
2.137849e-10
2.055705e-10
1.957837e-10
1.881184e-10
1.770531e-10
1.748333e-10
1.685884e-10
1.601372e-10
1.535649e-10
1.459838e-10
1.367541e-10
1.422785e-10
1.354546e-10
1.288706e-10
1.217520e-10
1.151587e-10
1.082956e-10
1.178867e-10
1.116375e-10
1.066035e-10
9.951901e-11
9.445479e-11
8.846084e-11
9.991231e-11
9.448527e-11
8.869661e-11
8.378078e-11
7.905335e-11
7.325741e-11
8.579622e-11
8.031895e-11
7.537721e-11
7.078327e-11
6.644404e-11
6.232796e-11
