9.617813e-08
1.428633e-07
5.471293e-08
4.263113e-08
3.357945e-08
1.553855e-09
1.207163e-08
4.293247e-09
-6.909137e-09
3.143904e-09
4.367416e-11
-7.319538e-09
2.867833e-10
-8.678518e-10
-5.296671e-09
1.414116e-07
2.573219e-07
4.559491e-07
3.443342e-08
3.699533e-08
5.804511e-09
1.934747e-08
9.975461e-09
-7.533921e-09
3.194816e-09
1.354592e-10
-4.516801e-09
1.941873e-10
-5.326264e-10
-2.804945e-09
5.619042e-08
4.595271e-07
9.340034e-07
3.279624e-08
3.834445e-08
2.883626e-08
8.347841e-09
1.990464e-08
-6.882109e-10
2.778439e-09
2.133673e-10
-2.938683e-09
2.344223e-10
-1.249267e-09
-3.221545e-09
4.717677e-08
3.394505e-08
1.888558e-08
6.903912e-08
2.871246e-08
6.200283e-09
1.950302e-08
4.386263e-09
-2.306617e-09
4.801020e-09
8.999708e-10
-4.188896e-09
1.522615e-09
-7.211850e-10
-2.982839e-09
2.608730e-08
3.567605e-08
2.480302e-08
2.652796e-08
1.617782e-07
2.773398e-08
1.159896e-08
1.302366e-08
2.940864e-09
3.295244e-09
1.698640e-09
-3.163461e-09
6.440651e-10
-3.748928e-10
-2.753212e-09
2.439484e-09
6.219986e-09
2.436843e-08
7.010092e-09
2.040735e-08
1.419457e-07
4.531393e-09
1.406200e-08
1.473257e-08
2.062011e-09
2.627282e-09
-6.824351e-11
2.080606e-11
-8.061430e-11
-1.733192e-09
1.236908e-08
1.070543e-08
9.472625e-09
2.153103e-08
9.954572e-09
4.838822e-09
3.821420e-08
8.058692e-09
-1.108547e-09
1.544616e-08
9.650504e-10
-2.558643e-09
2.789343e-09
-4.870118e-10
-2.296616e-09
5.276002e-09
5.840735e-09
1.008064e-08
5.841047e-09
1.359227e-08
1.219457e-08
6.893930e-09
2.956099e-08
8.524428e-09
4.037624e-09
7.259690e-09
-7.733319e-10
1.138827e-09
9.505742e-10
-2.159449e-09
-2.205790e-09
-1.772983e-09
-3.930561e-09
-2.893263e-09
3.905374e-09
1.774662e-08
-4.107518e-10
6.667424e-09
5.871929e-08
-3.601729e-10
4.192403e-09
9.694356e-09
-2.294551e-10
1.371011e-09
3.683398e-11
3.904849e-09
4.753343e-09
1.925073e-09
4.753404e-09
3.704568e-09
1.634796e-09
2.207659e-08
3.777551e-09
-2.770796e-10
1.819934e-08
2.376940e-09
-1.287868e-09
6.784733e-09
-4.039452e-10
-1.673052e-09
-4.986961e-10
4.676756e-10
3.746230e-11
3.481426e-10
1.469412e-09
1.794505e-09
4.895192e-10
8.236063e-09
4.386652e-09
2.569718e-09
2.741944e-08
3.282402e-09
1.566217e-09
5.685728e-09
-5.760497e-10
-2.459480e-09
-2.896015e-09
-4.639894e-09
-5.014710e-09
-2.909004e-09
-4.578292e-10
-2.727724e-09
-6.996211e-10
9.345104e-09
-1.457959e-09
3.279286e-09
3.574211e-08
-6.229633e-10
2.527135e-09
7.256987e-09
3.134087e-10
5.969004e-10
3.119743e-10
1.523897e-09
7.397020e-10
6.708261e-11
2.915858e-09
1.347518e-09
-1.944453e-10
9.091581e-09
1.469170e-09
-6.280045e-10
1.265565e-08
6.534657e-10
-9.387614e-10
-8.843651e-10
-1.154004e-09
-6.372881e-10
-9.613423e-10
-2.337057e-10
1.090690e-10
-4.414828e-10
8.214969e-10
1.393349e-09
-2.538524e-10
6.107341e-09
2.336890e-09
4.425993e-10
1.239843e-08
1.590787e-09
-3.056104e-09
-2.777253e-09
-4.880707e-09
-4.021185e-09
-3.446729e-09
-2.292791e-09
-2.007558e-09
-2.071628e-09
-9.825191e-11
-1.694501e-09
-7.102616e-10
7.486704e-09
-8.885432e-10
1.704863e-09
2.229606e-08
