5.750306e+07
5.781120e+07
5.641585e+07
5.484884e+07
5.367364e+07
5.375811e+07
9.238125e+07
8.928390e+07
8.845474e+07
8.616957e+07
8.444653e+07
8.289807e+07
1.345261e+08
1.287923e+08
1.249067e+08
1.202391e+08
1.206766e+08
1.177441e+08
1.798865e+08
1.758370e+08
1.667279e+08
1.631831e+08
1.618680e+08
1.582703e+08
2.344265e+08
2.257483e+08
2.161165e+08
2.111431e+08
2.044108e+08
2.005870e+08
2.969095e+08
2.822208e+08
2.689738e+08
2.593771e+08
2.518459e+08
2.456584e+08
3.682050e+08
3.450976e+08
3.287885e+08
3.157151e+08
3.039547e+08
2.950567e+08
4.372500e+08
4.080162e+08
3.914000e+08
3.749101e+08
3.589773e+08
3.493540e+08
5.185142e+08
4.811259e+08
4.593093e+08
4.388076e+08
4.161132e+08
4.083035e+08
6.028378e+08
5.599000e+08
5.294168e+08
5.018680e+08
4.753119e+08
4.661570e+08
