20.00000000	26.00000000
26.00000000	32.00000000
32.00000000	38.00000000
38.00000000	44.00000000
44.00000000	50.00000000
50.00000000	56.00000000
56.00000000	62.00000000
62.00000000	68.00000000
68.00000000	74.00000000
74.00000000	80.00000000
80.00000000	86.00000000
86.00000000	92.00000000
92.00000000	98.00000000
98.00000000	104.00000000
104.00000000	110.00000000
110.00000000	116.00000000
116.00000000	122.00000000
122.00000000	128.00000000
128.00000000	134.00000000
134.00000000	140.00000000
140.00000000	146.00000000
146.00000000	152.00000000
152.00000000	158.00000000
158.00000000	164.00000000
164.00000000	170.00000000
170.00000000	176.00000000
176.00000000	182.00000000
182.00000000	188.00000000
188.00000000	194.00000000
194.00000000	200.00000000
194.00000000	200.00000000