873086.0
866806.0
859918.0
855844.0
847504.0
840068.0
1050522.0
1037330.0
1031240.0
1020854.0
1015668.0
1004882.0
1233952.0
1225728.0
1217918.0
1205338.0
1194564.0
1183136.0
1440638.0
1426374.0
1414274.0
1401752.0
1388618.0
1377366.0
1657504.0
1642824.0
1626762.0
1612346.0
1597386.0
1580856.0
1897064.0
1876206.0
1854092.0
1838684.0
1815540.0
1798700.0
2151038.0
2121700.0
2103870.0
2082672.0
2051814.0
2030356.0
2415658.0
2386112.0
2360110.0
2329822.0
2298138.0
2279038.0
2698782.0
2667430.0
2628408.0
2595656.0
2565692.0
2532420.0
2997558.0
2958668.0
2920884.0
2880462.0
2839528.0
2808836.0
3307492.0
3266608.0
3217736.0
3172876.0
3126252.0
3092550.0
3637808.0
3590686.0
3528900.0
3481298.0
3427144.0
3380086.0
3987010.0
3927154.0
3865384.0
3808438.0
3738784.0
3689408.0
4345758.0
4277626.0
4212496.0
4136204.0
4073514.0
4009726.0
4718388.0
4647640.0
4565562.0
4488720.0
4412494.0
4335438.0
5113138.0
5024446.0
4940688.0
4852852.0
4763078.0
4678980.0
5509778.0
5422782.0
5329146.0
5220488.0
5132464.0
5035662.0
5941736.0
5828372.0
5720852.0
5611290.0
5510338.0
5404662.0
6376598.0
6254438.0
6133422.0
6020024.0
5900572.0
5780478.0
6828378.0
6699164.0
6559660.0
6432672.0
6295152.0
6168620.0
7291022.0
7155266.0
7001382.0
6852870.0
6702228.0
6570916.0
7780672.0
7617004.0
7444280.0
7294720.0
7140248.0
6981182.0
8275864.0
8097122.0
7918960.0
7744984.0
7570624.0
7392404.0
8796774.0
8595162.0
8400482.0
8201424.0
8010062.0
7833286.0
9319626.0
9100812.0
8892804.0
8683720.0
8473740.0
8265942.0
9857706.0
9632086.0
9389542.0
9165116.0
8935172.0
8717502.0
10425922.0
10166524.0
9920018.0
9666154.0
9426766.0
9187332.0
10996216.0
10718620.0
10444298.0
10182602.0
9913138.0
9644722.0
11581610.0
11281278.0
10990158.0
10698994.0
10415770.0
10137920.0
12188960.0
11867702.0
11545204.0
11237748.0
10922374.0
10631220.0
