988370.0
985952.0
982210.0
977048.0
971876.0
969790.0
2546704.0
2531008.0
2516580.0
2501206.0
2482270.0
2463800.0
4835622.0
4792338.0
4754544.0
4709512.0
4672128.0
4625084.0
7858080.0
7762924.0
7678208.0
7596156.0
7494604.0
7422816.0
11597962.0
11450966.0
11278376.0
11125388.0
10965008.0
10833218.0
16070288.0
15818760.0
15559156.0
15302704.0
15039510.0
14798594.0
21250642.0
20866140.0
20484914.0
20088004.0
19717668.0
19339812.0
27150276.0
26608672.0
26027196.0
25487626.0
24933322.0
24396912.0
33775922.0
32987228.0
32211514.0
31445564.0
30676906.0
29945338.0
41088028.0
40032398.0
38991558.0
37975122.0
36969112.0
35984744.0
