956889.2947951573
955723.6949304465
954655.1328201211
953383.0223848101
953171.9978672556
952819.0555952578
1494733.3463222776
1491027.9901390844
1489813.9579169552
1488339.0635633261
1487082.7686478908
1487098.0668030598
2139103.4708050326
2133655.6672404576
2130045.7966258377
2128339.1836073217
2127438.9984230995
2128721.41523511
2883576.336357633
2875843.1669289437
2870216.25449696
2867627.32396674
2867022.881018615
2869156.2853182456
3719175.0629823883
3707643.954683857
3700466.766102218
3697534.8099448476
3700407.17602597
3700728.7098322124
4640943.019499346
4624961.855899507
4614624.0632357625
4612999.944487396
4614773.175296973
4619658.547289766
5639575.570050663
5617118.131559426
5606323.88168757
5603228.297066935
5608736.692756969
5615255.229042041
6706443.195068247
6680152.481863915
6665786.148107081
6663879.225058637
6672664.7352627395
6680031.709983078
7837299.275427457
7803510.445774943
7786634.4165262235
7786380.870077374
7798911.273827906
7808040.384197436
9021239.3219529
8978886.35983797
8961214.099128235
8961677.8278264
8979266.653105699
8990988.75602709
